12 144 90

# VEHICLES: id start_node end_node capacity max_time
1 289 301 8 542
2 290 302 6 496
3 291 303 8 591
4 292 304 8 456
5 293 305 6 438
6 294 306 8 468
7 295 307 8 425
8 296 308 8 570
9 297 309 8 503
10 298 310 6 548
11 299 311 8 474
12 300 312 6 497

# NODES: id x y service_time demand tw_start tw_end
1 -3.76883 1.83297 10 1 180 218
145 3.46837 -1.23656 10 -1 0 600
2 -5.76141 -3.19733 10 1 177 251
146 -1.24753 -4.93546 10 -1 0 600
3 -8.63260 6.46604 10 1 337 427
147 1.72329 -6.59408 10 -1 0 600
4 -7.18646 -9.55635 10 1 146 219
148 7.15732 5.93604 10 -1 0 600
5 9.79208 1.00312 10 1 84 157
149 9.29853 -0.50004 10 -1 0 600
6 -4.67587 3.90805 10 1 164 238
150 -2.12037 9.12899 10 -1 0 600
7 -6.38738 -3.49882 10 1 197 231
151 -0.77746 -5.73281 10 -1 0 600
8 9.67228 1.95140 10 1 82 170
152 -1.04055 -3.72134 10 -1 0 600
9 -9.17343 -5.80207 10 1 237 302
153 -7.31406 -3.85180 10 -1 0 600
10 7.51324 -5.86055 10 1 189 233
154 8.74998 5.69816 10 -1 0 600
11 5.53458 5.85957 10 1 327 370
155 -7.15457 0.69259 10 -1 0 600
12 0.64856 -2.22384 10 1 192 252
156 6.58949 -8.79716 10 -1 0 600
13 7.68016 9.68654 10 1 418 487
157 7.95129 2.04979 10 -1 0 600
14 6.70902 2.68741 10 1 370 454
158 -3.23975 -4.42560 10 -1 0 600
15 -0.15259 9.92872 10 1 315 351
159 5.09103 -6.07453 10 -1 0 600
16 8.89702 -5.27533 10 1 253 328
160 -9.82441 -2.56173 10 -1 0 600
17 2.64223 -6.56876 10 1 244 288
161 8.51836 -9.67298 10 -1 0 600
18 -6.76178 -2.61447 10 1 98 172
162 1.61747 9.38598 10 -1 0 600
19 -1.22106 -9.15269 10 1 176 242
163 2.05114 -4.10169 10 -1 0 600
20 -7.20940 -4.42705 10 1 326 404
164 -1.83609 9.22837 10 -1 0 600
21 0.68971 1.81944 10 1 354 387
165 -7.15414 6.11993 10 -1 0 600
22 -2.89219 4.48244 10 1 79 160
166 0.19991 -8.85599 10 -1 0 600
23 -4.42158 -0.57145 10 1 389 461
167 0.07228 4.58425 10 -1 0 600
24 -7.86726 7.01882 10 1 333 387
168 -4.46259 1.68050 10 -1 0 600
25 -7.51999 8.70301 10 1 175 220
169 6.76227 8.29833 10 -1 0 600
26 6.07719 -2.76857 10 1 273 337
170 -1.27136 4.59434 10 -1 0 600
27 9.35288 -9.93520 10 1 355 435
171 -6.60691 -9.87540 10 -1 0 600
28 -4.25860 9.82696 10 1 72 119
172 -8.21642 6.36570 10 -1 0 600
29 -7.53382 8.97903 10 1 65 98
173 -0.47530 -2.03118 10 -1 0 600
30 -4.66673 -8.01206 10 1 114 199
174 3.40841 -1.39766 10 -1 0 600
31 8.09678 -2.91029 10 1 260 342
175 -6.16675 8.85096 10 -1 0 600
32 7.41987 2.07546 10 1 144 211
176 -3.69953 -3.82277 10 -1 0 600
33 -5.37000 -7.11678 10 1 311 346
177 5.15993 6.42411 10 -1 0 600
34 8.23070 7.96935 10 1 210 264
178 4.75974 8.97719 10 -1 0 600
35 -1.04386 -0.17995 10 1 69 158
179 -4.31959 -8.96484 10 -1 0 600
36 6.76916 -4.78589 10 1 313 349
180 0.90818 -9.19916 10 -1 0 600
37 -5.51362 7.16162 10 1 268 329
181 -8.81224 7.40709 10 -1 0 600
38 -2.93523 -9.56596 10 1 345 396
182 6.88434 -5.59538 10 -1 0 600
39 1.32314 -9.16600 10 1 330 363
183 -5.35744 -0.36317 10 -1 0 600
40 2.95396 4.86847 10 1 106 153
184 -4.03974 -2.64870 10 -1 0 600
41 7.83924 9.22189 10 1 87 128
185 -3.07051 7.12657 10 -1 0 600
42 -8.91650 -1.36251 10 1 218 291
186 1.82749 -9.57614 10 -1 0 600
43 -7.71751 -7.42443 10 1 404 492
187 8.58863 -1.38910 10 -1 0 600
44 -1.57790 -9.39091 10 1 242 317
188 8.83120 1.73173 10 -1 0 600
45 -4.95331 9.47671 10 1 134 178
189 2.90926 1.68707 10 -1 0 600
46 -0.39438 -6.47524 10 1 343 420
190 6.01400 5.98449 10 -1 0 600
47 -9.31668 2.56355 10 1 417 469
191 7.08236 -4.89675 10 -1 0 600
48 7.59395 -3.46217 10 1 147 219
192 1.30555 4.95795 10 -1 0 600
49 -1.61269 3.47008 10 1 324 404
193 4.46857 7.26995 10 -1 0 600
50 -6.81119 -5.09378 10 1 318 370
194 -6.86891 7.63988 10 -1 0 600
51 -3.62081 -2.65333 10 1 325 397
195 -0.18157 -2.35374 10 -1 0 600
52 -1.18348 1.02237 10 1 236 310
196 8.38577 -2.00537 10 -1 0 600
53 -2.28158 4.59602 10 1 202 280
197 8.47020 -0.78210 10 -1 0 600
54 -5.13557 6.07375 10 1 280 332
198 -1.89419 -7.07102 10 -1 0 600
55 4.87480 -2.88704 10 1 188 266
199 -6.00579 6.04488 10 -1 0 600
56 -1.05255 -9.66451 10 1 117 171
200 -8.08921 8.23611 10 -1 0 600
57 -9.19880 -8.03445 10 1 285 350
201 4.72282 -6.77678 10 -1 0 600
58 -4.00907 -1.32273 10 1 346 376
202 -7.34564 -0.24319 10 -1 0 600
59 -8.20162 -7.11503 10 1 166 197
203 4.96134 8.74690 10 -1 0 600
60 9.48152 9.47166 10 1 134 200
204 -0.04987 -0.27662 10 -1 0 600
61 -0.89754 -9.86236 10 1 212 279
205 -9.33684 -1.09388 10 -1 0 600
62 -1.77839 2.14806 10 1 203 257
206 5.20045 -1.14827 10 -1 0 600
63 6.28791 0.57097 10 1 252 316
207 1.61601 -4.27913 10 -1 0 600
64 5.49179 5.87603 10 1 308 345
208 9.43337 -2.72738 10 -1 0 600
65 -2.03379 -5.82674 10 1 231 274
209 -5.84745 3.64032 10 -1 0 600
66 -4.17574 1.00716 10 1 219 289
210 -8.30642 -9.96719 10 -1 0 600
67 -2.31647 -3.65420 10 1 145 197
211 4.50289 -2.10164 10 -1 0 600
68 9.37553 7.93243 10 1 123 191
212 1.47944 1.94278 10 -1 0 600
69 5.12612 8.92609 10 1 328 405
213 -8.10714 2.06758 10 -1 0 600
70 -1.74237 4.40187 10 1 250 329
214 3.88561 2.19132 10 -1 0 600
71 -7.34237 -0.01302 10 1 401 487
215 -9.70266 -0.68360 10 -1 0 600
72 -6.85916 -6.33607 10 1 107 188
216 5.27124 -6.37993 10 -1 0 600
73 5.65430 9.22895 10 1 0 600
217 -4.03447 -6.07554 10 -1 197 241
74 4.34434 8.73016 10 1 0 600
218 4.45576 6.70847 10 -1 403 477
75 3.34761 2.61974 10 1 0 600
219 -8.82723 -1.95014 10 -1 525 603
76 -9.19018 -8.53832 10 1 0 600
220 -6.03425 1.98322 10 -1 307 386
77 -4.70150 -2.61659 10 1 0 600
221 -0.06568 8.81212 10 -1 318 356
78 3.90624 -5.40600 10 1 0 600
222 -9.32917 -8.44309 10 -1 354 403
79 -5.94998 -5.86590 10 1 0 600
223 9.29172 5.68589 10 -1 409 494
80 8.25491 -2.18215 10 1 0 600
224 -6.64826 4.08546 10 -1 533 599
81 -8.03869 5.80314 10 1 0 600
225 7.92955 -9.90615 10 -1 190 243
82 -8.86855 -7.22789 10 1 0 600
226 0.31032 -5.88174 10 -1 361 445
83 -9.76366 5.10075 10 1 0 600
227 8.82103 -2.12693 10 -1 182 222
84 -5.09678 1.14573 10 1 0 600
228 1.39418 5.99622 10 -1 183 268
85 -0.76434 4.45878 10 1 0 600
229 8.45615 -4.51582 10 -1 527 573
86 -3.19879 -8.76564 10 1 0 600
230 5.91171 7.53797 10 -1 373 419
87 -7.45776 0.55480 10 1 0 600
231 2.68684 3.40809 10 -1 516 566
88 6.65362 9.97209 10 1 0 600
232 8.31205 -7.37743 10 -1 414 501
89 -3.20078 -4.47233 10 1 0 600
233 7.38616 -5.37589 10 -1 244 323
90 -0.15189 -3.37064 10 1 0 600
234 8.18812 4.58634 10 -1 512 584
91 5.22891 5.72017 10 1 0 600
235 -8.37952 -1.51250 10 -1 461 527
92 -6.46149 9.75099 10 1 0 600
236 3.01839 4.76573 10 -1 501 559
93 1.00731 -4.95053 10 1 0 600
237 -9.26657 -8.41142 10 -1 237 322
94 3.74763 -0.77712 10 1 0 600
238 6.12871 6.71924 10 -1 392 468
95 -7.00525 -8.24592 10 1 0 600
239 -7.10420 -9.83769 10 -1 485 535
96 7.21155 1.24224 10 1 0 600
240 5.03403 -6.86898 10 -1 205 247
97 6.46186 3.81268 10 1 0 600
241 -5.36903 -6.88852 10 -1 455 514
98 3.77284 7.26518 10 1 0 600
242 -9.37185 -1.38105 10 -1 329 380
99 3.37465 -2.17613 10 1 0 600
243 -6.59782 0.56214 10 -1 392 481
100 8.78943 -9.83018 10 1 0 600
244 7.38707 3.67566 10 -1 293 335
101 -0.62287 3.24546 10 1 0 600
245 2.94983 -4.25691 10 -1 193 248
102 9.76459 -4.97630 10 1 0 600
246 -0.45980 9.38921 10 -1 282 357
103 -5.35270 5.02168 10 1 0 600
247 2.16751 5.25974 10 -1 332 393
104 1.10672 -5.81200 10 1 0 600
248 -9.08238 -2.90784 10 -1 212 248
105 -3.22715 8.90596 10 1 0 600
249 -0.33445 7.57593 10 -1 392 455
106 8.17688 -8.52313 10 1 0 600
250 -4.58990 7.87094 10 -1 226 305
107 -0.69816 -3.10166 10 1 0 600
251 3.93728 -9.40441 10 -1 487 531
108 -6.57449 -2.27686 10 1 0 600
252 -8.61451 -7.50278 10 -1 416 447
109 4.34070 4.16329 10 1 0 600
253 9.63954 6.80990 10 -1 399 438
110 -6.40790 -1.97731 10 1 0 600
254 0.46831 -9.71549 10 -1 363 435
111 -1.59421 -7.65513 10 1 0 600
255 3.02758 -6.36050 10 -1 479 567
112 6.28513 -3.94942 10 1 0 600
256 -9.32205 8.52148 10 -1 218 274
113 -7.78315 -2.83941 10 1 0 600
257 9.81822 -2.95688 10 -1 410 447
114 0.80244 -9.92620 10 1 0 600
258 -2.65069 -2.52996 10 -1 223 253
115 -2.91647 8.70430 10 1 0 600
259 -5.21216 -0.43935 10 -1 216 296
116 2.59375 1.12592 10 1 0 600
260 -8.41001 0.75487 10 -1 345 380
117 9.60314 1.19573 10 1 0 600
261 -9.19388 -7.16460 10 -1 434 510
118 0.35996 2.63265 10 1 0 600
262 -9.16386 -4.45587 10 -1 315 362
119 9.41780 2.27586 10 1 0 600
263 5.24536 1.77926 10 -1 235 266
120 -5.24728 -3.11772 10 1 0 600
264 -8.89447 -0.25514 10 -1 312 354
121 9.43388 6.31899 10 1 0 600
265 -6.44042 -4.41620 10 -1 379 419
122 3.19148 -1.38788 10 1 0 600
266 -6.06215 6.55769 10 -1 333 403
123 4.62409 -0.26289 10 1 0 600
267 8.27837 0.38214 10 -1 236 292
124 7.98476 6.82359 10 1 0 600
268 -1.88162 5.74710 10 -1 423 473
125 -6.24646 8.99102 10 1 0 600
269 7.72141 8.45018 10 -1 261 307
126 3.88894 4.78549 10 1 0 600
270 -4.17342 6.82990 10 -1 309 380
127 -1.07648 -0.12960 10 1 0 600
271 -5.51875 -3.66077 10 -1 531 602
128 9.35697 8.72869 10 1 0 600
272 3.87422 -1.40974 10 -1 516 552
129 -0.25774 7.49122 10 1 0 600
273 -0.30443 -1.91507 10 -1 331 406
130 -5.74054 -3.94876 10 1 0 600
274 5.84150 -4.87222 10 -1 461 504
131 -2.54819 -5.74552 10 1 0 600
275 -7.75303 -4.52842 10 -1 458 533
132 1.59863 -5.20082 10 1 0 600
276 -5.54581 9.74836 10 -1 303 341
133 1.25463 -6.18884 10 1 0 600
277 -9.92463 7.07392 10 -1 256 322
134 4.80795 6.17484 10 1 0 600
278 8.87492 0.83039 10 -1 288 345
135 -5.20438 9.19618 10 1 0 600
279 8.91454 2.48097 10 -1 272 345
136 8.98510 -6.49861 10 1 0 600
280 -6.61949 5.36917 10 -1 232 303
137 -7.53110 -3.92078 10 1 0 600
281 -0.25610 -5.95182 10 -1 183 267
138 -8.29598 4.05706 10 1 0 600
282 -7.61716 -8.84349 10 -1 423 478
139 -6.94231 1.44526 10 1 0 600
283 1.75515 5.09511 10 -1 528 564
140 9.43293 6.01118 10 1 0 600
284 -7.27606 3.06037 10 -1 261 312
141 3.11308 -9.93762 10 1 0 600
285 3.72566 -8.00866 10 -1 253 320
142 2.05213 -0.17654 10 1 0 600
286 -8.75527 1.09536 10 -1 347 419
143 8.26293 6.11261 10 1 0 600
287 9.86668 9.09861 10 -1 355 391
144 1.53897 -9.31095 10 1 0 600
288 -2.69274 5.35493 10 -1 264 308
289 -2.14956 0.46164 0 0 36 599
301 4.46159 -7.29718 0 0 36 599
290 5.62303 -1.33133 0 0 23 550
302 -4.78005 7.32889 0 0 23 550
291 -5.57878 -7.13391 0 0 28 572
303 -0.52560 -6.65870 0 0 28 572
292 -1.27370 -7.17263 0 0 22 584
304 -3.58398 -6.30616 0 0 22 584
293 -2.82195 -6.49435 0 0 16 585
305 -2.12571 5.75940 0 0 16 585
294 6.35983 0.63499 0 0 19 592
306 3.10078 6.27817 0 0 19 592
295 7.49530 5.19547 0 0 16 550
307 -4.09952 -1.67581 0 0 16 550
296 -6.70536 5.13219 0 0 55 552
308 0.32335 3.04022 0 0 55 552
297 3.55072 3.86462 0 0 14 558
309 -3.70947 -6.44221 0 0 14 558
298 7.10242 3.28997 0 0 27 597
310 -6.11128 1.50219 0 0 27 597
299 3.95238 -2.15109 0 0 31 563
311 -4.07237 5.95901 0 0 31 563
300 1.72654 1.27152 0 0 24 589
312 -1.73595 3.62944 0 0 24 589
