12 144 90

# VEHICLES: id start_node end_node capacity max_time
1 289 301 3 425
2 290 302 6 567
3 291 303 6 444
4 292 304 3 464
5 293 305 6 450
6 294 306 6 435
7 295 307 8 460
8 296 308 6 556
9 297 309 8 568
10 298 310 8 565
11 299 311 8 569
12 300 312 8 424

# NODES: id x y service_time demand tw_start tw_end
1 -7.27157 -4.28446 10 1 104 140
145 8.79918 7.84276 10 -1 0 600
2 6.60820 8.85020 10 1 61 92
146 -2.33144 5.26524 10 -1 0 600
3 6.67972 -2.52512 10 1 353 376
147 -5.86025 -8.79722 10 -1 0 600
4 -6.91448 3.77962 10 1 282 324
148 -7.89583 3.97261 10 -1 0 600
5 5.43397 4.87526 10 1 415 438
149 -0.36695 -5.19752 10 -1 0 600
6 -4.85963 9.83427 10 1 303 341
150 6.24206 -4.85654 10 -1 0 600
7 8.59137 -6.68521 10 1 229 268
151 0.88475 -1.15376 10 -1 0 600
8 -6.33287 9.23711 10 1 347 388
152 -2.50855 -1.98015 10 -1 0 600
9 -2.81915 1.26508 10 1 99 124
153 2.67704 3.28509 10 -1 0 600
10 7.17033 4.49770 10 1 193 215
154 -0.58840 9.53003 10 -1 0 600
11 7.00763 7.11301 10 1 208 236
155 7.65076 3.64085 10 -1 0 600
12 -0.05077 -8.23204 10 1 98 137
156 0.04564 -4.48058 10 -1 0 600
13 -4.76354 8.95870 10 1 285 300
157 9.59763 -6.20617 10 -1 0 600
14 -3.09880 4.49130 10 1 353 372
158 -4.26520 0.50938 10 -1 0 600
15 -9.49243 -8.03812 10 1 169 196
159 1.38539 -3.94707 10 -1 0 600
16 3.96230 -9.94155 10 1 385 428
160 -1.02048 -5.28287 10 -1 0 600
17 -2.77533 5.71691 10 1 370 386
161 2.25917 4.55146 10 -1 0 600
18 5.89573 0.87684 10 1 301 327
162 -6.70490 9.95085 10 -1 0 600
19 4.82229 5.21219 10 1 355 392
163 -4.05365 7.41727 10 -1 0 600
20 7.67940 1.25442 10 1 60 105
164 -5.00297 3.67319 10 -1 0 600
21 -6.46928 4.24358 10 1 263 301
165 -9.86916 9.02268 10 -1 0 600
22 2.64005 -5.88232 10 1 278 305
166 9.87216 9.43164 10 -1 0 600
23 -5.25822 -7.82942 10 1 353 377
167 2.01668 -6.94924 10 -1 0 600
24 0.29297 7.16206 10 1 220 239
168 0.41578 7.00116 10 -1 0 600
25 9.11683 -8.07972 10 1 61 105
169 1.76481 -3.38109 10 -1 0 600
26 8.48625 -8.50099 10 1 60 94
170 -2.84211 -8.24790 10 -1 0 600
27 6.31186 -8.36623 10 1 202 238
171 -8.08810 7.52515 10 -1 0 600
28 -0.20276 -4.90172 10 1 86 128
172 7.44299 2.74740 10 -1 0 600
29 -9.93307 6.33090 10 1 409 448
173 3.00602 -8.57044 10 -1 0 600
30 8.23731 6.61108 10 1 304 333
174 1.47324 7.75786 10 -1 0 600
31 7.21016 4.84609 10 1 218 243
175 -1.59216 4.75837 10 -1 0 600
32 -2.79703 4.06224 10 1 242 272
176 3.91506 -5.20599 10 -1 0 600
33 -6.57733 -4.73369 10 1 329 365
177 -9.25328 7.81928 10 -1 0 600
34 -0.53977 -9.47886 10 1 96 139
178 -9.31877 8.28843 10 -1 0 600
35 3.45498 -8.00250 10 1 310 350
179 -0.02086 7.19513 10 -1 0 600
36 -8.87293 0.38496 10 1 294 317
180 -0.67579 1.56832 10 -1 0 600
37 5.12696 -8.39692 10 1 316 350
181 9.06703 -0.65964 10 -1 0 600
38 8.51925 9.38112 10 1 225 247
182 -5.12675 -6.92551 10 -1 0 600
39 3.45933 2.50049 10 1 222 243
183 -8.41713 -7.70446 10 -1 0 600
40 -9.71152 -9.53902 10 1 212 228
184 4.69757 -5.84569 10 -1 0 600
41 6.74348 8.09867 10 1 391 419
185 3.00572 9.12061 10 -1 0 600
42 -0.37434 -5.74435 10 1 376 409
186 3.36076 5.00207 10 -1 0 600
43 6.16369 7.44297 10 1 154 179
187 -9.35043 -6.95155 10 -1 0 600
44 -4.79099 6.51246 10 1 335 373
188 -3.26140 -9.11858 10 -1 0 600
45 -4.57100 -1.50279 10 1 352 385
189 -6.00273 -0.95248 10 -1 0 600
46 6.64787 -7.96218 10 1 103 134
190 5.81109 5.87334 10 -1 0 600
47 -8.60112 -2.41957 10 1 83 113
191 5.63169 -7.35080 10 -1 0 600
48 -6.79962 9.59757 10 1 206 245
192 -4.85733 7.25543 10 -1 0 600
49 8.38921 1.24182 10 1 74 98
193 -4.02483 -4.34966 10 -1 0 600
50 -5.99414 0.19431 10 1 221 247
194 6.07741 -0.60810 10 -1 0 600
51 9.88155 8.35655 10 1 188 219
195 2.13764 7.62429 10 -1 0 600
52 -7.83855 -6.30685 10 1 121 151
196 7.52023 3.83183 10 -1 0 600
53 7.62807 -6.41837 10 1 420 465
197 -5.38453 -6.93700 10 -1 0 600
54 -1.37365 2.17393 10 1 331 352
198 -7.59646 1.24348 10 -1 0 600
55 0.47634 1.87873 10 1 367 399
199 -5.09773 -1.65570 10 -1 0 600
56 0.10699 2.13063 10 1 213 247
200 -9.03309 8.66991 10 -1 0 600
57 -2.82038 -8.91143 10 1 143 176
201 -0.26870 -1.27383 10 -1 0 600
58 1.74773 -5.57951 10 1 161 194
202 0.44136 -4.73089 10 -1 0 600
59 1.65885 -0.49340 10 1 131 153
203 -5.90426 3.02067 10 -1 0 600
60 -9.56141 -1.50909 10 1 190 228
204 -8.54993 9.64532 10 -1 0 600
61 5.60107 -2.17847 10 1 166 194
205 3.87037 6.15419 10 -1 0 600
62 8.84390 -2.67254 10 1 322 355
206 -2.44418 -4.94962 10 -1 0 600
63 -4.87779 -2.41284 10 1 184 218
207 0.30373 3.64358 10 -1 0 600
64 8.19086 2.48799 10 1 104 125
208 4.89982 -7.46271 10 -1 0 600
65 6.92340 4.03102 10 1 231 256
209 7.37129 9.07466 10 -1 0 600
66 -3.51960 -7.38955 10 1 168 208
210 -7.00780 4.04583 10 -1 0 600
67 4.23900 5.03106 10 1 319 359
211 9.48532 0.88760 10 -1 0 600
68 -5.28032 9.82152 10 1 203 230
212 2.17490 -6.67956 10 -1 0 600
69 -6.29176 -9.46793 10 1 353 371
213 2.40351 -3.75800 10 -1 0 600
70 -5.15584 7.15548 10 1 276 298
214 -1.19893 -5.49099 10 -1 0 600
71 -7.18071 5.45629 10 1 230 273
215 -2.16511 6.95494 10 -1 0 600
72 2.19812 -8.33548 10 1 286 308
216 0.26538 -5.27510 10 -1 0 600
73 8.00706 9.72722 10 1 0 600
217 -3.75190 -6.85981 10 -1 308 349
74 9.13395 1.84533 10 1 0 600
218 4.14763 -2.51746 10 -1 189 210
75 5.78005 -8.50829 10 1 0 600
219 1.55022 7.45219 10 -1 441 480
76 5.11695 -5.53451 10 1 0 600
220 -0.20660 -9.16475 10 -1 263 307
77 6.67035 -5.71864 10 1 0 600
221 -1.83710 9.54429 10 -1 355 398
78 0.73810 -9.15326 10 1 0 600
222 -9.12493 9.70656 10 -1 185 222
79 -7.45483 -7.15009 10 1 0 600
223 -6.89077 -3.71318 10 -1 434 453
80 -1.65753 5.70190 10 1 0 600
224 -6.08609 8.38587 10 -1 476 503
81 9.15984 -5.63550 10 1 0 600
225 7.27950 8.50862 10 -1 490 531
82 2.60721 8.17655 10 1 0 600
226 -1.82900 5.40069 10 -1 518 559
83 -1.54859 -7.50682 10 1 0 600
227 5.94016 -7.91703 10 -1 297 331
84 -8.90030 2.50840 10 1 0 600
228 -7.89114 -0.59635 10 -1 510 529
85 1.42173 8.91427 10 1 0 600
229 -5.33074 -1.75909 10 -1 283 306
86 4.52388 -6.06041 10 1 0 600
230 -7.52199 9.34818 10 -1 285 314
87 7.13263 1.92046 10 1 0 600
231 6.88730 -3.45354 10 -1 351 371
88 0.47287 8.32968 10 1 0 600
232 5.01274 5.36305 10 -1 480 512
89 5.50269 4.36473 10 1 0 600
233 7.17001 0.60302 10 -1 363 392
90 5.05192 9.12839 10 1 0 600
234 4.15666 -4.84865 10 -1 417 446
91 7.88001 8.84812 10 1 0 600
235 -5.38080 -0.31683 10 -1 203 246
92 7.77356 4.59946 10 1 0 600
236 6.37042 7.08158 10 -1 476 499
93 -5.88047 6.21257 10 1 0 600
237 -8.90527 -5.59055 10 -1 296 324
94 4.00113 6.96033 10 1 0 600
238 6.73784 5.22086 10 -1 241 274
95 5.63766 -2.69318 10 1 0 600
239 2.67030 -6.16386 10 -1 314 346
96 -6.36061 -7.88063 10 1 0 600
240 3.13641 2.24911 10 -1 285 315
97 -1.85469 8.65996 10 1 0 600
241 8.01319 2.41002 10 -1 331 359
98 2.92220 9.66376 10 1 0 600
242 8.72292 3.14053 10 -1 393 409
99 -6.86162 -9.82695 10 1 0 600
243 1.77314 5.81996 10 -1 460 484
100 -9.48396 5.92632 10 1 0 600
244 -3.95076 6.17804 10 -1 207 224
101 8.01699 5.07864 10 1 0 600
245 8.29861 2.90151 10 -1 312 350
102 -0.23009 -7.52229 10 1 0 600
246 -7.25882 3.48944 10 -1 537 578
103 6.27888 -2.11981 10 1 0 600
247 -6.55955 8.79001 10 -1 361 380
104 2.39829 -3.66313 10 1 0 600
248 4.28121 -2.14466 10 -1 181 212
105 -7.00209 8.88202 10 1 0 600
249 5.36577 -9.86046 10 -1 361 393
106 4.47997 7.61103 10 1 0 600
250 5.15094 -2.15662 10 -1 393 433
107 -2.15355 4.96921 10 1 0 600
251 3.06100 -4.26006 10 -1 214 233
108 -7.11320 -3.25779 10 1 0 600
252 4.30814 -5.38382 10 -1 341 356
109 4.19679 0.10337 10 1 0 600
253 -8.10407 3.01841 10 -1 506 521
110 -4.74092 -3.28424 10 1 0 600
254 -3.73192 -3.11069 10 -1 495 530
111 1.57812 -2.65055 10 1 0 600
255 6.30728 -9.03607 10 -1 502 544
112 4.94568 -2.73251 10 1 0 600
256 -0.58738 4.79031 10 -1 447 466
113 -2.15977 -6.79392 10 1 0 600
257 -2.77407 -8.68013 10 -1 185 220
114 4.56287 -9.57804 10 1 0 600
258 6.22062 -8.41088 10 -1 297 328
115 3.80009 -3.22285 10 1 0 600
259 0.70798 6.50723 10 -1 371 413
116 6.99007 -8.68875 10 1 0 600
260 7.58113 -5.86603 10 -1 494 532
117 3.65475 9.54705 10 1 0 600
261 0.09603 -7.39241 10 -1 474 508
118 0.82760 -5.17213 10 1 0 600
262 1.38417 -7.05291 10 -1 421 439
119 8.87488 9.08073 10 1 0 600
263 9.84152 -1.08276 10 -1 495 535
120 4.54136 -4.64031 10 1 0 600
264 6.49830 8.24004 10 -1 350 365
121 -4.98922 2.65270 10 1 0 600
265 2.88115 -9.77258 10 -1 310 350
122 5.15407 -2.11383 10 1 0 600
266 -4.06106 -9.42090 10 -1 532 552
123 5.22868 7.23847 10 1 0 600
267 0.86592 1.99730 10 -1 242 281
124 2.50593 0.56918 10 1 0 600
268 -5.15428 1.32495 10 -1 332 369
125 3.91119 -6.64448 10 1 0 600
269 -2.65707 -4.13805 10 -1 282 317
126 1.57475 -7.62995 10 1 0 600
270 8.91770 2.93886 10 -1 375 396
127 7.88488 -2.81949 10 1 0 600
271 5.92480 0.28722 10 -1 535 574
128 2.88290 -5.28218 10 1 0 600
272 8.11660 -5.87756 10 -1 377 413
129 7.92200 -7.92204 10 1 0 600
273 -4.81718 -7.12693 10 -1 513 556
130 -2.72697 9.67126 10 1 0 600
274 -4.47229 8.55954 10 -1 485 525
131 -3.20396 1.84944 10 1 0 600
275 -0.96699 6.38521 10 -1 535 580
132 -0.32305 0.06355 10 1 0 600
276 -5.85692 6.07829 10 -1 354 374
133 6.18464 -3.42560 10 1 0 600
277 4.14023 5.05724 10 -1 533 552
134 -0.88774 0.47853 10 1 0 600
278 2.64524 5.91227 10 -1 255 299
135 -0.39771 -6.90024 10 1 0 600
279 7.82911 7.01873 10 -1 276 314
136 4.19992 3.80064 10 1 0 600
280 1.85797 5.37507 10 -1 196 225
137 -1.55101 2.19791 10 1 0 600
281 -8.78401 -6.87183 10 -1 347 386
138 3.65870 -5.87421 10 1 0 600
282 -6.77029 -9.25494 10 -1 425 465
139 -8.64948 4.06099 10 1 0 600
283 3.39125 9.68389 10 -1 369 399
140 -4.17606 -9.71627 10 1 0 600
284 3.70910 5.26096 10 -1 384 399
141 7.96879 -5.90595 10 1 0 600
285 -5.21840 -5.50362 10 -1 287 317
142 -4.66959 6.73974 10 1 0 600
286 0.01132 -3.76468 10 -1 232 255
143 4.00308 8.71847 10 1 0 600
287 5.23607 -4.18287 10 -1 330 371
144 -1.68188 1.03703 10 1 0 600
288 0.68736 -1.28513 10 -1 485 505
289 -3.09701 5.33510 0 0 41 582
301 -4.40744 0.95145 0 0 41 582
290 -4.72639 -3.45035 0 0 37 557
302 3.08145 3.57614 0 0 37 557
291 6.51398 4.78598 0 0 13 547
303 -6.01075 5.27635 0 0 13 547
292 -7.13360 -6.37314 0 0 45 550
304 -4.00359 4.71682 0 0 45 550
293 6.38712 3.28999 0 0 13 570
305 0.87549 -4.84728 0 0 13 570
294 -3.07383 0.52194 0 0 20 574
306 -5.02716 1.57605 0 0 20 574
295 4.97520 -5.22752 0 0 29 561
307 -4.34600 4.70382 0 0 29 561
296 4.40949 -0.12158 0 0 29 544
308 1.57434 -5.90008 0 0 29 544
297 0.37635 0.56367 0 0 4 552
309 0.88367 7.37942 0 0 4 552
298 -5.47693 -6.09023 0 0 32 592
310 3.01324 5.42496 0 0 32 592
299 -0.17809 -3.86354 0 0 17 576
311 2.36927 -2.85915 0 0 17 576
300 3.56528 5.49799 0 0 11 544
312 -2.98190 2.62043 0 0 11 544
