3 24 90

# VEHICLES: id start_node end_node capacity max_time
1 49 52 6 487
2 50 53 3 461
3 51 54 6 440

# NODES: id x y service_time demand tw_start tw_end
1 -8.95273 -8.25627 10 1 216 235
25 5.08346 -6.37070 10 -1 0 600
2 -1.85516 -7.84600 10 1 395 434
26 6.40380 8.27292 10 -1 0 600
3 8.02398 -9.23693 10 1 209 248
27 3.16148 -6.59746 10 -1 0 600
4 0.72404 -3.35605 10 1 259 285
28 -3.26168 -2.17613 10 -1 0 600
5 7.04173 -6.80675 10 1 124 156
29 -8.53418 -0.86466 10 -1 0 600
6 -3.25567 -3.32407 10 1 232 263
30 1.46337 -3.27788 10 -1 0 600
7 -5.09673 -9.96659 10 1 121 156
31 -6.21876 -8.23685 10 -1 0 600
8 -1.27448 -8.24773 10 1 145 185
32 2.56635 -9.74342 10 -1 0 600
9 1.95199 -8.60246 10 1 361 388
33 -2.96173 -5.41740 10 -1 0 600
10 -3.69082 -1.03357 10 1 281 297
34 0.63995 4.47327 10 -1 0 600
11 8.10797 -8.14471 10 1 129 158
35 8.18307 2.77602 10 -1 0 600
12 -7.15650 5.80144 10 1 402 417
36 9.83586 9.28118 10 -1 0 600
13 -9.57528 8.22301 10 1 0 600
37 2.59981 -5.33254 10 -1 358 387
14 1.46816 -4.69357 10 1 0 600
38 -0.32377 -6.44821 10 -1 522 551
15 6.75675 5.37589 10 1 0 600
39 9.83916 -1.11000 10 -1 335 363
16 -3.13076 6.02993 10 1 0 600
40 5.03300 -9.11740 10 -1 194 214
17 -5.86275 2.17805 10 1 0 600
41 -7.30545 -6.13646 10 -1 447 472
18 0.54150 6.18677 10 1 0 600
42 -4.87275 -2.95905 10 -1 444 475
19 -3.69474 -2.03524 10 1 0 600
43 -4.56140 -1.31463 10 -1 464 483
20 5.38558 0.25504 10 1 0 600
44 -1.59285 -7.82758 10 -1 355 386
21 3.69674 2.76707 10 1 0 600
45 -8.74782 -2.89877 10 -1 233 265
22 3.33315 7.80197 10 1 0 600
46 -8.22422 -1.33599 10 -1 368 390
23 -0.27727 3.36940 10 1 0 600
47 -9.82878 0.71602 10 -1 471 496
24 -2.50957 -9.36317 10 1 0 600
48 -8.53032 3.88412 10 -1 227 250
49 6.83649 -7.00453 0 0 1 560
52 0.92382 -1.28893 0 0 1 560
50 5.75820 -1.21443 0 0 40 580
53 3.26577 2.68578 0 0 40 580
51 4.87135 1.91283 0 0 42 555
54 3.87094 -1.69187 0 0 42 555
