3 24 90

# VEHICLES: id start_node end_node capacity max_time
1 49 52 6 541
2 50 53 3 499
3 51 54 3 593

# NODES: id x y service_time demand tw_start tw_end
1 -4.45078 2.49503 10 1 369 410
25 6.53615 1.46851 10 -1 0 600
2 -2.03114 -2.25633 10 1 375 439
26 7.45603 -0.34463 10 -1 0 600
3 -4.67199 -8.58372 10 1 260 331
27 -8.32442 -1.01363 10 -1 0 600
4 -6.37241 2.16047 10 1 205 295
28 -3.45720 -5.90729 10 -1 0 600
5 6.03280 -2.87307 10 1 148 214
29 4.96514 -5.60186 10 -1 0 600
6 -1.21599 -0.86269 10 1 354 388
30 5.36066 -9.00302 10 -1 0 600
7 8.09208 -8.68008 10 1 149 234
31 9.49652 -6.60223 10 -1 0 600
8 -2.70622 -1.80308 10 1 187 268
32 -3.57144 9.95524 10 -1 0 600
9 4.18902 -3.63835 10 1 268 347
33 2.79950 -4.29834 10 -1 0 600
10 -3.63317 -7.30228 10 1 279 360
34 -3.72347 -9.77520 10 -1 0 600
11 -2.97495 -4.31890 10 1 86 161
35 9.31789 -1.09362 10 -1 0 600
12 -7.80515 5.43627 10 1 383 427
36 -8.71481 5.76706 10 -1 0 600
13 -9.07424 -5.39768 10 1 0 600
37 -4.95655 2.89992 10 -1 361 425
14 -3.25009 1.01178 10 1 0 600
38 -8.84133 -6.10667 10 -1 340 396
15 8.97597 5.90616 10 1 0 600
39 -8.12832 -7.88058 10 -1 455 522
16 -5.87336 -3.71012 10 1 0 600
40 7.07155 6.25208 10 -1 456 526
17 2.63238 -8.27926 10 1 0 600
41 -1.79480 0.02537 10 -1 507 565
18 0.02586 5.57601 10 1 0 600
42 8.41714 -0.03759 10 -1 219 308
19 1.54163 9.49324 10 1 0 600
43 -7.80482 4.37069 10 -1 275 324
20 -8.76995 2.66905 10 1 0 600
44 4.00945 0.58971 10 -1 518 592
21 -6.26787 -3.50724 10 1 0 600
45 -2.39879 -9.54047 10 -1 191 257
22 4.40336 6.98436 10 1 0 600
46 -1.25674 -2.76504 10 -1 528 568
23 9.98883 -6.24094 10 1 0 600
47 -5.32975 6.09275 10 -1 372 443
24 -3.89263 1.83890 10 1 0 600
48 2.22349 -2.30723 10 -1 202 281
49 -6.65859 5.30886 0 0 45 574
52 -3.82407 -3.24248 0 0 45 574
50 -0.54926 -2.59308 0 0 4 583
53 0.04650 -1.63783 0 0 4 583
51 2.50470 6.28442 0 0 36 593
54 0.69379 5.48800 0 0 36 593
