5 48 90

# VEHICLES: id start_node end_node capacity max_time
1 97 102 3 442
2 98 103 3 435
3 99 104 3 472
4 100 105 3 494
5 101 106 3 448

# NODES: id x y service_time demand tw_start tw_end
1 8.59632 -5.13521 10 1 369 412
49 4.11498 8.01830 10 -1 0 600
2 7.72989 -4.70903 10 1 388 430
50 -9.72124 4.59689 10 -1 0 600
3 -9.13951 0.01095 10 1 338 361
51 -5.44846 7.75451 10 -1 0 600
4 9.12253 0.10262 10 1 275 307
52 7.43174 -4.29815 10 -1 0 600
5 5.16230 7.82132 10 1 248 274
53 9.90860 -2.84749 10 -1 0 600
6 -9.65679 -4.63500 10 1 380 399
54 -9.13187 -9.74059 10 -1 0 600
7 -5.38144 2.00204 10 1 273 316
55 3.47540 -6.03518 10 -1 0 600
8 -8.32518 1.09069 10 1 77 111
56 -4.61100 -6.68143 10 -1 0 600
9 -7.33065 7.81020 10 1 208 234
57 4.73246 0.62463 10 -1 0 600
10 8.70913 -7.29108 10 1 220 257
58 -6.11886 -0.00323 10 -1 0 600
11 8.03786 -0.15426 10 1 61 101
59 7.52525 -5.51727 10 -1 0 600
12 -2.03288 -9.43551 10 1 239 270
60 0.55621 -7.93544 10 -1 0 600
13 4.27527 6.56451 10 1 61 96
61 2.25723 1.14807 10 -1 0 600
14 7.34303 -3.18957 10 1 210 227
62 6.14749 0.41413 10 -1 0 600
15 8.28997 6.80680 10 1 253 291
63 8.44267 2.70976 10 -1 0 600
16 8.49918 2.19502 10 1 154 188
64 -2.15234 5.95537 10 -1 0 600
17 -9.88079 5.87578 10 1 226 255
65 -1.02888 -8.79696 10 -1 0 600
18 2.02395 9.40703 10 1 113 151
66 -1.34682 3.08177 10 -1 0 600
19 -3.13211 1.69248 10 1 365 410
67 0.34583 -6.92305 10 -1 0 600
20 3.82539 -2.78709 10 1 333 354
68 -7.30879 8.59221 10 -1 0 600
21 -0.78477 9.15367 10 1 264 299
69 9.53888 9.44795 10 -1 0 600
22 7.11602 -3.68987 10 1 407 424
70 -5.11042 -5.83650 10 -1 0 600
23 -5.66811 -1.01906 10 1 158 179
71 -1.92699 -9.48275 10 -1 0 600
24 6.22921 -6.15060 10 1 243 271
72 -1.75554 -3.56161 10 -1 0 600
25 9.94126 -2.35251 10 1 0 600
73 -9.40100 8.49344 10 -1 426 450
26 6.12177 6.83251 10 1 0 600
74 -5.06937 7.73516 10 -1 514 557
27 -2.49330 -4.69042 10 1 0 600
75 7.05793 3.97651 10 -1 463 495
28 8.48855 7.12663 10 1 0 600
76 8.54336 -3.91631 10 -1 263 290
29 -2.47191 -8.61682 10 1 0 600
77 -4.34904 2.86059 10 -1 193 216
30 -4.08202 8.16425 10 1 0 600
78 -3.50372 0.30990 10 -1 195 234
31 0.05659 2.10903 10 1 0 600
79 4.97327 5.72154 10 -1 500 536
32 -8.90177 -2.38830 10 1 0 600
80 -0.68209 -1.71423 10 -1 262 301
33 1.71938 -4.02972 10 1 0 600
81 0.21107 8.40110 10 -1 278 304
34 -0.68904 5.31190 10 1 0 600
82 -2.18653 -6.22084 10 -1 274 292
35 4.12683 -5.14655 10 1 0 600
83 -8.45863 8.08268 10 -1 249 286
36 -1.09154 6.81699 10 1 0 600
84 7.36881 -4.26428 10 -1 489 507
37 1.25533 -3.11893 10 1 0 600
85 -0.48709 4.40932 10 -1 318 336
38 8.97577 -0.89028 10 1 0 600
86 -7.86320 -7.55991 10 -1 217 243
39 1.49917 8.46053 10 1 0 600
87 8.52944 -2.94233 10 -1 209 253
40 -3.25643 -9.02463 10 1 0 600
88 2.29219 -1.09937 10 -1 310 336
41 -7.53321 -1.43760 10 1 0 600
89 -2.93988 -2.74414 10 -1 246 269
42 -0.07084 -7.36221 10 1 0 600
90 -2.18828 -9.05529 10 -1 390 407
43 0.70211 -0.59384 10 1 0 600
91 0.17040 7.70380 10 -1 497 520
44 0.83825 -3.48318 10 1 0 600
92 -8.10287 3.28870 10 -1 445 485
45 -2.60438 8.83493 10 1 0 600
93 4.72273 5.61021 10 -1 463 505
46 1.95381 -9.35692 10 1 0 600
94 -5.88098 -2.31433 10 -1 241 277
47 0.08233 8.18418 10 1 0 600
95 -1.62421 7.52665 10 -1 453 471
48 2.02782 8.90835 10 1 0 600
96 -7.18855 7.25547 10 -1 348 372
97 -2.53462 -6.02683 0 0 50 590
102 -4.21391 -1.04692 0 0 50 590
98 -6.65445 -5.78420 0 0 42 565
103 2.93545 -5.48505 0 0 42 565
99 4.75361 -3.97300 0 0 22 568
104 -1.03049 2.57379 0 0 22 568
100 -2.58927 -1.48933 0 0 43 540
105 4.30338 4.71978 0 0 43 540
101 6.37166 -3.17898 0 0 35 544
106 -5.62328 4.38936 0 0 35 544
