5 48 90

# VEHICLES: id start_node end_node capacity max_time
1 97 102 3 440
2 98 103 8 477
3 99 104 8 433
4 100 105 3 505
5 101 106 6 496

# NODES: id x y service_time demand tw_start tw_end
1 2.69071 2.26705 10 1 189 254
49 -5.95242 3.56432 10 -1 0 600
2 6.14219 8.28834 10 1 296 368
50 -0.53111 7.08217 10 -1 0 600
3 -3.27195 3.44968 10 1 97 134
51 9.54703 4.89241 10 -1 0 600
4 1.93961 -3.29333 10 1 113 161
52 -4.11827 2.80709 10 -1 0 600
5 4.18062 3.80147 10 1 297 373
53 5.51086 -6.09463 10 -1 0 600
6 6.92011 7.58807 10 1 297 333
54 8.96845 -9.61044 10 -1 0 600
7 4.69846 -0.06832 10 1 396 429
55 4.35867 9.81749 10 -1 0 600
8 -4.83498 -4.43790 10 1 341 415
56 7.47532 -1.03775 10 -1 0 600
9 -1.16379 2.29661 10 1 313 394
57 5.46210 -2.92196 10 -1 0 600
10 -7.96677 -5.35898 10 1 99 169
58 7.72625 4.42585 10 -1 0 600
11 -6.93534 -4.95453 10 1 229 259
59 -7.31501 0.48613 10 -1 0 600
12 -7.29361 -0.10575 10 1 370 416
60 -2.32571 -2.03326 10 -1 0 600
13 -8.92008 6.13205 10 1 315 402
61 9.77875 1.85794 10 -1 0 600
14 -2.07530 -1.29715 10 1 162 195
62 7.70669 4.34569 10 -1 0 600
15 4.78913 -7.35400 10 1 349 429
63 -3.22364 8.53890 10 -1 0 600
16 -9.18874 9.23010 10 1 112 158
64 8.41998 -3.67543 10 -1 0 600
17 -7.20259 4.77641 10 1 130 179
65 -2.22605 1.37353 10 -1 0 600
18 4.78340 -7.28157 10 1 212 266
66 -9.97324 -9.13457 10 -1 0 600
19 -6.35041 -2.22615 10 1 385 456
67 -6.46040 2.07853 10 -1 0 600
20 -3.75996 -7.78666 10 1 333 369
68 8.48420 -2.28896 10 -1 0 600
21 7.06655 4.82952 10 1 61 132
69 9.79016 6.98094 10 -1 0 600
22 4.88374 -3.85601 10 1 270 306
70 7.00504 -6.85526 10 -1 0 600
23 2.28502 -6.00639 10 1 198 245
71 1.39812 -8.72523 10 -1 0 600
24 7.26512 -4.06607 10 1 124 192
72 6.41055 4.27583 10 -1 0 600
25 8.24268 -6.29796 10 1 0 600
73 -1.43677 -1.98459 10 -1 290 356
26 7.28265 -3.37746 10 1 0 600
74 -7.03802 1.60208 10 -1 400 452
27 -7.88650 -8.10235 10 1 0 600
75 -2.33512 5.44219 10 -1 277 330
28 -8.36739 8.02334 10 1 0 600
76 2.57915 4.14648 10 -1 187 224
29 6.62055 7.85621 10 1 0 600
77 -9.93862 0.40317 10 -1 422 485
30 2.40515 -2.87779 10 1 0 600
78 4.48039 -8.70924 10 -1 324 355
31 -4.70648 -0.24593 10 1 0 600
79 -6.97401 5.93196 10 -1 462 500
32 4.66110 -8.95003 10 1 0 600
80 -8.13309 4.31724 10 -1 212 252
33 7.13913 -1.91274 10 1 0 600
81 2.80219 6.67809 10 -1 363 412
34 2.51286 -9.29580 10 1 0 600
82 5.61410 0.24771 10 -1 517 563
35 3.80891 -6.77309 10 1 0 600
83 8.76208 -8.92329 10 -1 390 478
36 6.41786 7.29712 10 1 0 600
84 1.94598 -8.58192 10 -1 279 340
37 3.41681 -1.38897 10 1 0 600
85 3.59902 -3.29546 10 -1 343 380
38 6.40183 -8.55713 10 1 0 600
86 3.78800 -2.43621 10 -1 487 560
39 3.39143 3.25260 10 1 0 600
87 -4.87767 9.76789 10 -1 495 584
40 -4.04404 -0.66393 10 1 0 600
88 3.99727 3.14575 10 -1 316 401
41 2.24880 -0.62905 10 1 0 600
89 1.06500 -5.94209 10 -1 290 356
42 2.25353 6.69106 10 1 0 600
90 8.32685 5.28013 10 -1 223 258
43 9.70019 -3.38660 10 1 0 600
91 -3.96564 6.75460 10 -1 231 284
44 9.64783 -0.79244 10 1 0 600
92 -2.12496 5.96344 10 -1 499 559
45 3.23557 -9.89675 10 1 0 600
93 0.46598 3.59486 10 -1 449 504
46 -5.13071 -9.19331 10 1 0 600
94 4.90490 2.86457 10 -1 516 587
47 1.15406 -7.05487 10 1 0 600
95 -3.68696 -3.35306 10 -1 436 482
48 5.98021 3.86832 10 1 0 600
96 3.97096 -2.58489 10 -1 308 358
97 3.19668 3.75452 0 0 1 557
102 -2.21964 -0.62523 0 0 1 557
98 4.72615 -6.32127 0 0 33 584
103 1.98406 3.13620 0 0 33 584
99 3.62902 1.30924 0 0 58 569
104 3.84993 0.60271 0 0 58 569
100 -2.29347 -6.58410 0 0 55 553
105 1.75104 6.45381 0 0 55 553
101 6.88205 -3.77218 0 0 4 542
106 2.62923 -4.19220 0 0 4 542
