7 72 90

# VEHICLES: id start_node end_node capacity max_time
1 145 152 8 550
2 146 153 3 480
3 147 154 6 514
4 148 155 8 455
5 149 156 6 576
6 150 157 6 469
7 151 158 8 503

# NODES: id x y service_time demand tw_start tw_end
1 5.98495 2.75972 10 1 296 324
73 8.05276 5.26857 10 -1 0 600
2 5.24119 3.15895 10 1 148 166
74 9.40172 -3.24315 10 -1 0 600
3 -1.20984 -5.30046 10 1 344 375
75 -0.38223 -5.29444 10 -1 0 600
4 -8.12862 -7.73509 10 1 85 119
76 4.57592 6.81263 10 -1 0 600
5 -7.98148 5.34700 10 1 396 418
77 3.81711 4.22352 10 -1 0 600
6 6.74627 6.35234 10 1 395 413
78 -7.12577 8.66589 10 -1 0 600
7 7.69594 -2.82463 10 1 272 315
79 -7.19394 6.14474 10 -1 0 600
8 3.48176 6.40560 10 1 139 161
80 -6.65519 3.71784 10 -1 0 600
9 -7.35392 -9.99303 10 1 404 428
81 4.88705 -6.42344 10 -1 0 600
10 -5.80688 8.31528 10 1 147 176
82 1.16325 -5.01951 10 -1 0 600
11 6.15345 -7.40715 10 1 125 158
83 9.05627 -6.34705 10 -1 0 600
12 6.94348 -6.50697 10 1 248 286
84 9.65913 0.00267 10 -1 0 600
13 -4.66636 -6.63704 10 1 264 309
85 -9.89518 -6.88467 10 -1 0 600
14 7.67879 6.56135 10 1 71 105
86 -2.99636 3.53400 10 -1 0 600
15 -8.70163 -9.52345 10 1 309 333
87 2.76919 -5.50393 10 -1 0 600
16 5.82467 -2.12623 10 1 281 309
88 -1.46246 6.97312 10 -1 0 600
17 1.36846 2.76220 10 1 367 387
89 -0.55238 -3.62840 10 -1 0 600
18 0.87195 -6.24009 10 1 351 370
90 2.75738 7.29581 10 -1 0 600
19 -3.79335 1.94893 10 1 158 180
91 3.94428 9.60598 10 -1 0 600
20 5.68573 -3.23564 10 1 213 251
92 -1.13179 -9.71064 10 -1 0 600
21 -9.54678 -7.09467 10 1 404 444
93 -9.23988 9.43639 10 -1 0 600
22 -4.30230 9.22347 10 1 285 316
94 -2.69725 5.56623 10 -1 0 600
23 -1.46048 -0.05012 10 1 134 170
95 9.41251 0.96491 10 -1 0 600
24 -1.54556 7.32203 10 1 360 397
96 3.46730 1.24160 10 -1 0 600
25 6.01270 -6.92085 10 1 161 181
97 4.58981 6.44354 10 -1 0 600
26 3.32146 0.99759 10 1 331 351
98 3.90376 3.31147 10 -1 0 600
27 7.95028 -8.74538 10 1 178 208
99 -9.34677 -7.46659 10 -1 0 600
28 1.56581 -6.20361 10 1 120 138
100 -1.02430 6.31388 10 -1 0 600
29 1.38688 6.34349 10 1 214 249
101 6.72931 -1.42865 10 -1 0 600
30 -1.31946 0.69597 10 1 150 187
102 6.75854 -3.03622 10 -1 0 600
31 -2.69745 8.89670 10 1 68 98
103 2.98054 -7.49931 10 -1 0 600
32 7.24820 -8.20618 10 1 381 425
104 9.08966 -2.87079 10 -1 0 600
33 -9.14537 0.69866 10 1 402 429
105 -3.78479 -8.57014 10 -1 0 600
34 -3.77082 -9.37529 10 1 178 210
106 -5.88346 -9.06184 10 -1 0 600
35 3.50415 -6.87629 10 1 386 426
107 1.16812 9.53547 10 -1 0 600
36 2.87647 -8.02777 10 1 178 218
108 -9.79895 -0.27864 10 -1 0 600
37 4.27851 6.74901 10 1 0 600
109 -1.59130 4.08550 10 -1 497 525
38 5.94344 7.65905 10 1 0 600
110 -8.71771 -6.23128 10 -1 219 259
39 2.30530 -3.32482 10 1 0 600
111 -3.01820 -3.41821 10 -1 317 340
40 -6.35119 3.15705 10 1 0 600
112 -1.70601 -0.23395 10 -1 467 491
41 9.48522 3.16153 10 1 0 600
113 -2.08162 -2.81851 10 -1 316 338
42 -7.92135 -9.12990 10 1 0 600
114 8.76462 -7.94975 10 -1 257 291
43 -6.95527 6.05789 10 1 0 600
115 -4.85681 3.84832 10 -1 284 305
44 -7.28123 4.11850 10 1 0 600
116 -2.63622 -6.19957 10 -1 184 220
45 1.67459 -2.70418 10 1 0 600
117 7.31067 -1.55498 10 -1 226 254
46 -1.58397 -4.73612 10 1 0 600
118 2.90613 8.42915 10 -1 442 466
47 -1.78051 -6.31943 10 1 0 600
119 8.58185 -1.26458 10 -1 429 446
48 0.58280 3.21636 10 1 0 600
120 -1.05245 -9.19249 10 -1 274 303
49 0.99486 9.82655 10 1 0 600
121 -8.96903 8.72362 10 -1 345 376
50 8.50077 7.80562 10 1 0 600
122 8.93384 -2.14842 10 -1 216 244
51 2.07814 -7.11948 10 1 0 600
123 6.66415 4.63180 10 -1 458 482
52 5.17783 8.87073 10 1 0 600
124 -2.64439 -8.73785 10 -1 229 268
53 2.01244 -0.91907 10 1 0 600
125 2.11381 -7.57814 10 -1 410 445
54 3.10492 2.53842 10 1 0 600
126 -1.11214 0.00174 10 -1 192 211
55 6.55356 -0.41199 10 1 0 600
127 -9.34060 -5.90761 10 -1 315 340
56 -2.56673 6.16003 10 1 0 600
128 -4.25993 4.05856 10 -1 245 274
57 -0.69202 2.95781 10 1 0 600
129 -6.96586 2.09939 10 -1 419 461
58 -4.31567 0.77010 10 1 0 600
130 -2.78603 0.68786 10 -1 334 352
59 1.25348 1.73002 10 1 0 600
131 7.31335 2.31268 10 -1 536 566
60 5.72193 -3.22751 10 1 0 600
132 6.76752 -5.84020 10 -1 425 451
61 -6.61635 -2.50212 10 1 0 600
133 -5.18554 -0.48267 10 -1 370 412
62 1.71855 -0.18341 10 1 0 600
134 -5.56725 -3.75690 10 -1 243 265
63 -2.55097 -1.57250 10 1 0 600
135 5.53122 -6.06229 10 -1 363 408
64 -6.45595 -7.90558 10 1 0 600
136 -0.35383 -3.38362 10 -1 539 562
65 3.14616 -8.54325 10 1 0 600
137 2.52885 -0.73516 10 -1 316 349
66 1.47636 9.50602 10 1 0 600
138 8.20037 -1.27285 10 -1 449 466
67 0.12961 4.25631 10 1 0 600
139 8.27007 -8.41350 10 -1 232 247
68 5.27076 -0.23778 10 1 0 600
140 -2.12693 -0.68024 10 -1 509 546
69 0.51365 -5.36542 10 1 0 600
141 -8.02912 7.43090 10 -1 357 383
70 2.54272 0.50433 10 1 0 600
142 6.88644 -2.34462 10 -1 410 439
71 -3.29504 8.75554 10 1 0 600
143 1.27602 0.60785 10 -1 378 397
72 2.63259 -1.67483 10 1 0 600
144 -5.33703 -8.85277 10 -1 271 293
145 -0.83781 1.64271 0 0 26 590
152 1.61097 4.15614 0 0 26 590
146 6.12062 -1.24135 0 0 58 573
153 3.54744 -6.25655 0 0 58 573
147 -0.51315 1.99010 0 0 35 544
154 -5.47692 -4.97646 0 0 35 544
148 6.96983 4.47572 0 0 37 548
155 -1.26071 -5.09536 0 0 37 548
149 4.74728 -3.04945 0 0 39 554
156 1.32122 -6.76221 0 0 39 554
150 1.66669 -7.11377 0 0 59 599
157 -5.12307 -2.50442 0 0 59 599
151 -6.90730 -3.84936 0 0 51 550
158 -2.28856 -6.24645 0 0 51 550
