7 72 90

# VEHICLES: id start_node end_node capacity max_time
1 145 152 3 599
2 146 153 8 440
3 147 154 8 564
4 148 155 3 490
5 149 156 3 542
6 150 157 3 442
7 151 158 8 480

# NODES: id x y service_time demand tw_start tw_end
1 9.80386 -1.24958 10 1 276 336
73 2.68335 3.21132 10 -1 0 600
2 -4.92164 -9.44195 10 1 398 484
74 -1.78060 -0.73003 10 -1 0 600
3 1.09346 0.69858 10 1 227 290
75 9.50640 -9.68389 10 -1 0 600
4 3.07004 2.83614 10 1 365 443
76 -9.52420 3.47221 10 -1 0 600
5 -3.54348 4.67955 10 1 263 316
77 9.53386 7.08760 10 -1 0 600
6 0.56564 7.04361 10 1 162 208
78 -1.98473 7.03618 10 -1 0 600
7 2.51055 -7.61354 10 1 80 164
79 -3.52660 3.05484 10 -1 0 600
8 6.18553 5.61413 10 1 352 426
80 -0.91827 -3.97784 10 -1 0 600
9 2.22180 1.19955 10 1 363 427
81 -9.85598 -0.23771 10 -1 0 600
10 2.29961 -1.76214 10 1 319 373
82 0.03487 4.65258 10 -1 0 600
11 8.63763 -0.36035 10 1 109 146
83 -0.00001 -8.09657 10 -1 0 600
12 -1.91927 -0.35061 10 1 349 399
84 3.50242 1.64162 10 -1 0 600
13 4.00708 -1.36322 10 1 389 456
85 -4.63445 -4.92581 10 -1 0 600
14 3.64058 8.19114 10 1 68 108
86 3.52602 9.89505 10 -1 0 600
15 -4.14764 2.44477 10 1 396 471
87 7.39160 3.77941 10 -1 0 600
16 4.71092 -6.71139 10 1 154 244
88 7.56175 7.31430 10 -1 0 600
17 -5.72409 0.04254 10 1 136 187
89 2.18260 -9.71031 10 -1 0 600
18 5.35444 -9.89244 10 1 193 227
90 4.39429 8.47869 10 -1 0 600
19 -0.49413 3.81849 10 1 414 469
91 -7.95586 1.39678 10 -1 0 600
20 1.72626 6.24437 10 1 155 204
92 0.53830 -9.72015 10 -1 0 600
21 1.26692 0.26078 10 1 381 434
93 9.74010 1.56914 10 -1 0 600
22 -3.68478 3.43319 10 1 72 110
94 -5.19228 -0.30804 10 -1 0 600
23 5.03053 2.93655 10 1 158 221
95 9.12975 4.38500 10 -1 0 600
24 1.49745 -6.12563 10 1 295 377
96 9.57188 -1.86979 10 -1 0 600
25 7.08186 -8.94451 10 1 318 406
97 2.20529 -0.06211 10 -1 0 600
26 -2.91593 -4.33907 10 1 77 135
98 2.77901 9.67148 10 -1 0 600
27 8.65251 -6.76425 10 1 263 341
99 -6.42628 -8.80191 10 -1 0 600
28 -0.89979 2.68079 10 1 98 179
100 -4.24477 9.31544 10 -1 0 600
29 -7.30861 7.96422 10 1 188 272
101 8.99288 2.85779 10 -1 0 600
30 -9.96270 8.49902 10 1 332 404
102 9.84491 -4.74420 10 -1 0 600
31 -5.77001 4.36085 10 1 348 435
103 6.91688 9.98074 10 -1 0 600
32 -6.09615 -4.66961 10 1 414 463
104 7.12158 -7.99544 10 -1 0 600
33 -9.94928 -2.68180 10 1 239 305
105 -4.90302 -4.49930 10 -1 0 600
34 -0.44318 -3.11032 10 1 99 167
106 1.36253 8.08971 10 -1 0 600
35 9.32679 3.95313 10 1 362 396
107 9.19068 1.46692 10 -1 0 600
36 0.84192 1.16794 10 1 194 261
108 -6.69759 -4.78824 10 -1 0 600
37 5.49711 1.92348 10 1 0 600
109 8.96719 5.22215 10 -1 310 383
38 -4.91557 -1.05491 10 1 0 600
110 -9.20545 6.16367 10 -1 267 332
39 1.80794 -0.55880 10 1 0 600
111 2.32523 -4.25616 10 -1 240 284
40 6.79224 2.76171 10 1 0 600
112 7.25231 0.70706 10 -1 186 226
41 5.16908 -3.66894 10 1 0 600
113 9.95658 3.52360 10 -1 344 399
42 5.00046 1.53524 10 1 0 600
114 -9.10524 -8.19628 10 -1 239 288
43 0.35106 2.57037 10 1 0 600
115 6.73120 6.14566 10 -1 360 434
44 -8.79997 2.51380 10 1 0 600
116 -5.91383 3.58454 10 -1 418 451
45 -4.75157 -8.75186 10 1 0 600
117 2.31519 -5.80738 10 -1 403 449
46 -8.33942 -7.51751 10 1 0 600
118 1.34044 3.09887 10 -1 530 597
47 -9.90568 -4.50773 10 1 0 600
119 -1.45436 -6.85420 10 -1 376 450
48 4.09629 -8.98034 10 1 0 600
120 7.68921 8.30647 10 -1 278 322
49 9.71361 7.77614 10 1 0 600
121 -2.70751 4.68948 10 -1 458 523
50 -4.58561 0.04641 10 1 0 600
122 -0.49182 5.82346 10 -1 511 557
51 -8.70678 -0.71299 10 1 0 600
123 3.52639 -0.13546 10 -1 376 456
52 -3.73308 -1.11146 10 1 0 600
124 6.41976 4.62610 10 -1 374 445
53 -8.94171 5.99647 10 1 0 600
125 6.86758 -2.20347 10 -1 486 561
54 3.57533 7.40116 10 1 0 600
126 8.16319 -7.54423 10 -1 511 571
55 -4.70386 -3.10831 10 1 0 600
127 1.85469 -5.99175 10 -1 422 471
56 1.90071 9.11027 10 1 0 600
128 6.01306 0.36545 10 -1 300 382
57 -1.08074 -0.47329 10 1 0 600
129 -8.17071 -7.34494 10 -1 302 379
58 -4.26522 -7.40795 10 1 0 600
130 -3.50232 -9.86792 10 -1 395 484
59 7.57618 5.47217 10 1 0 600
131 7.91859 -7.32195 10 -1 459 524
60 1.39778 -8.22761 10 1 0 600
132 9.15648 3.26208 10 -1 302 350
61 -4.37878 -6.87760 10 1 0 600
133 4.50886 -3.50725 10 -1 248 319
62 2.43227 9.38722 10 1 0 600
134 -9.02166 5.41161 10 -1 348 382
63 0.42232 1.79327 10 1 0 600
135 -6.77713 0.42454 10 -1 469 526
64 -4.95524 -9.95371 10 1 0 600
136 6.29843 7.42830 10 -1 431 479
65 0.45681 -0.24295 10 1 0 600
137 0.00305 1.08728 10 -1 197 269
66 9.38546 -9.15798 10 1 0 600
138 -4.21491 -5.66397 10 -1 339 396
67 -9.83856 1.26762 10 1 0 600
139 -0.29928 -3.10762 10 -1 330 385
68 0.91643 7.93112 10 1 0 600
140 6.49657 -8.14121 10 -1 471 551
69 -7.23093 7.67257 10 1 0 600
141 -3.93202 -9.95377 10 -1 521 611
70 8.21770 6.90474 10 1 0 600
142 4.80296 -9.30098 10 -1 228 289
71 2.04473 -6.80501 10 1 0 600
143 -5.26250 -5.53538 10 -1 196 228
72 -5.45940 6.22415 10 1 0 600
144 0.65603 -1.46306 10 -1 479 533
145 -2.04686 3.54906 0 0 15 593
152 6.82612 1.27096 0 0 15 593
146 0.28394 -3.34272 0 0 24 561
153 4.93738 -1.92832 0 0 24 561
147 1.53275 -0.94897 0 0 40 578
154 -3.63286 -2.01877 0 0 40 578
148 1.88672 5.78601 0 0 10 542
155 1.01428 -7.40666 0 0 10 542
149 -5.01295 -4.76733 0 0 0 549
156 -4.12045 6.85872 0 0 0 549
150 -6.25540 3.95635 0 0 9 571
157 -4.13798 -5.80574 0 0 9 571
151 -1.08905 -1.51319 0 0 46 573
158 -2.26404 -4.84351 0 0 46 573
