9 96 90

# VEHICLES: id start_node end_node capacity max_time
1 193 202 8 556
2 194 203 6 554
3 195 204 3 574
4 196 205 8 424
5 197 206 6 455
6 198 207 8 456
7 199 208 6 472
8 200 209 8 600
9 201 210 6 517

# NODES: id x y service_time demand tw_start tw_end
1 -6.41123 3.50410 10 1 157 178
97 -4.88980 -6.20541 10 -1 0 600
2 -5.86026 -0.93767 10 1 82 104
98 -5.07398 -9.53971 10 -1 0 600
3 -7.12718 5.56072 10 1 328 367
99 -8.59976 -5.65268 10 -1 0 600
4 0.96807 4.73627 10 1 388 430
100 -3.40837 -7.24204 10 -1 0 600
5 -1.43380 -2.44803 10 1 331 375
101 -6.70443 9.07200 10 -1 0 600
6 -4.83251 1.46077 10 1 163 183
102 4.83769 1.61778 10 -1 0 600
7 6.71814 9.44527 10 1 192 220
103 3.40570 -5.24269 10 -1 0 600
8 -2.09001 4.04915 10 1 206 245
104 -1.54348 -0.77244 10 -1 0 600
9 3.74551 -9.88681 10 1 397 435
105 3.20223 -2.97959 10 -1 0 600
10 8.42175 9.67514 10 1 406 426
106 7.40174 7.51353 10 -1 0 600
11 -5.49086 1.95612 10 1 359 377
107 -7.14657 -0.97781 10 -1 0 600
12 -6.90468 1.98137 10 1 62 86
108 0.66783 6.41948 10 -1 0 600
13 -1.10385 4.26516 10 1 346 369
109 -7.20203 -5.54072 10 -1 0 600
14 -3.59356 4.22538 10 1 282 318
110 -6.71860 7.41568 10 -1 0 600
15 3.05182 -3.26453 10 1 101 116
111 -4.68474 2.48092 10 -1 0 600
16 9.64865 -8.91687 10 1 227 263
112 -8.10052 -5.30026 10 -1 0 600
17 -9.54294 -7.33448 10 1 260 288
113 3.62733 -2.54682 10 -1 0 600
18 -4.58270 -0.16939 10 1 392 425
114 -2.74365 7.57137 10 -1 0 600
19 3.39448 3.06658 10 1 238 271
115 -5.21878 8.33924 10 -1 0 600
20 -6.81615 0.61380 10 1 218 263
116 -9.71780 -8.73076 10 -1 0 600
21 -6.53844 -4.46982 10 1 299 338
117 4.76824 -4.40732 10 -1 0 600
22 -1.97378 -0.51175 10 1 313 340
118 5.44202 3.83436 10 -1 0 600
23 -2.36650 -1.61238 10 1 138 183
119 3.03037 0.32871 10 -1 0 600
24 9.47343 3.88006 10 1 152 197
120 -5.09535 7.02048 10 -1 0 600
25 -3.49896 -7.29755 10 1 107 151
121 8.28556 7.20409 10 -1 0 600
26 -5.35625 5.37975 10 1 281 317
122 -5.81308 -1.26270 10 -1 0 600
27 9.99297 -3.95648 10 1 104 130
123 -9.22567 5.64734 10 -1 0 600
28 -8.15439 -2.67126 10 1 165 208
124 -8.89709 -7.84087 10 -1 0 600
29 9.28948 -4.44464 10 1 87 124
125 8.00457 -2.18500 10 -1 0 600
30 5.31343 0.86921 10 1 62 106
126 0.46716 3.98787 10 -1 0 600
31 -0.37319 -9.19441 10 1 268 288
127 4.34699 -9.79021 10 -1 0 600
32 -5.21659 -0.71392 10 1 370 405
128 0.98823 3.26861 10 -1 0 600
33 -1.43956 -7.94128 10 1 111 133
129 9.23967 4.55371 10 -1 0 600
34 -0.11351 8.19024 10 1 218 254
130 -6.94683 9.07136 10 -1 0 600
35 2.42345 2.43654 10 1 247 280
131 7.14324 1.34104 10 -1 0 600
36 5.70453 9.53598 10 1 196 229
132 2.46091 1.58227 10 -1 0 600
37 -7.37473 -6.13954 10 1 143 167
133 3.92199 7.10048 10 -1 0 600
38 -9.60255 9.18875 10 1 334 354
134 -8.74062 8.76994 10 -1 0 600
39 -8.55195 0.75723 10 1 326 356
135 -1.06232 7.30632 10 -1 0 600
40 -0.39438 2.53150 10 1 341 357
136 -4.51034 0.02765 10 -1 0 600
41 -4.17879 8.64959 10 1 214 238
137 -4.76328 3.31452 10 -1 0 600
42 -3.51420 -2.15436 10 1 205 232
138 6.01696 -0.73732 10 -1 0 600
43 2.55568 -6.02383 10 1 75 110
139 -7.54356 -0.70822 10 -1 0 600
44 2.44406 6.53084 10 1 92 124
140 -7.24248 9.80641 10 -1 0 600
45 -9.30177 3.55272 10 1 90 116
141 2.42869 0.74204 10 -1 0 600
46 7.63414 2.52635 10 1 103 148
142 1.89662 -3.81281 10 -1 0 600
47 -4.01375 7.21649 10 1 192 236
143 4.80964 8.04369 10 -1 0 600
48 -4.26127 0.77734 10 1 96 128
144 7.67973 2.65415 10 -1 0 600
49 -2.17822 -7.47227 10 1 0 600
145 7.39540 1.50456 10 -1 291 307
50 -6.94742 8.99589 10 1 0 600
146 -4.22311 -6.03100 10 -1 452 497
51 2.67741 9.14096 10 1 0 600
147 -5.51545 2.95984 10 -1 440 477
52 -7.87287 -1.23952 10 1 0 600
148 -3.70798 -8.12878 10 -1 492 521
53 -8.87653 5.02740 10 1 0 600
149 7.50685 -5.03849 10 -1 445 461
54 -2.60115 5.15733 10 1 0 600
150 -2.09753 3.98722 10 -1 245 269
55 1.29162 2.96255 10 1 0 600
151 -3.81047 0.72837 10 -1 315 358
56 -2.18529 4.51409 10 1 0 600
152 8.26572 4.10148 10 -1 351 383
57 4.98697 3.11458 10 1 0 600
153 -4.37808 7.55526 10 -1 392 415
58 -6.57436 -6.08176 10 1 0 600
154 1.82908 4.66382 10 -1 499 519
59 5.36724 7.18836 10 1 0 600
155 4.50908 -7.84933 10 -1 465 486
60 -3.93719 -1.76112 10 1 0 600
156 3.65972 -7.22403 10 -1 290 334
61 -1.14387 2.51387 10 1 0 600
157 7.72107 -7.22474 10 -1 475 504
62 -5.94646 -3.38852 10 1 0 600
158 3.42258 -0.77851 10 -1 390 412
63 8.45091 1.67029 10 1 0 600
159 9.14124 7.21958 10 -1 189 209
64 5.31840 -4.91106 10 1 0 600
160 -4.51670 6.03651 10 -1 318 346
65 2.52230 -2.61786 10 1 0 600
161 -8.29720 2.24572 10 -1 496 526
66 1.68786 -6.83589 10 1 0 600
162 6.77192 8.65370 10 -1 206 231
67 -0.05864 -8.70148 10 1 0 600
163 -3.24264 -3.68250 10 -1 325 356
68 -7.34250 2.79514 10 1 0 600
164 3.73177 -4.08685 10 -1 196 217
69 4.80752 3.33197 10 1 0 600
165 -5.06051 9.56264 10 -1 426 445
70 -2.13246 -0.13964 10 1 0 600
166 1.33807 -8.92014 10 -1 502 528
71 -5.78102 -3.42922 10 1 0 600
167 0.48883 -2.58094 10 -1 535 561
72 -5.80969 -5.43440 10 1 0 600
168 5.44573 2.61934 10 -1 369 394
73 7.45063 -7.46063 10 1 0 600
169 -4.76138 6.88766 10 -1 461 487
74 -5.04950 -7.26401 10 1 0 600
170 -4.12091 3.40243 10 -1 486 524
75 1.64535 -2.35031 10 1 0 600
171 -5.69361 -8.57433 10 -1 203 221
76 4.97338 8.42542 10 1 0 600
172 -5.64231 3.58219 10 -1 507 543
77 -8.72305 9.41087 10 1 0 600
173 0.24479 3.69005 10 -1 502 545
78 1.85116 4.11909 10 1 0 600
174 -7.37137 -6.31010 10 -1 479 499
79 7.97176 9.11844 10 1 0 600
175 -8.38155 -2.87016 10 -1 347 370
80 3.36270 -5.06258 10 1 0 600
176 -5.29215 9.02066 10 -1 277 308
81 7.25710 -3.17376 10 1 0 600
177 6.28665 5.04507 10 -1 539 564
82 -5.92455 -2.16710 10 1 0 600
178 -9.84425 0.07517 10 -1 521 559
83 1.24721 8.18417 10 1 0 600
179 -9.84586 4.32371 10 -1 518 540
84 0.75131 -3.78052 10 1 0 600
180 -1.23884 -6.57923 10 -1 421 445
85 5.49059 9.57621 10 1 0 600
181 -4.07633 -4.01173 10 -1 456 495
86 3.86082 6.79357 10 1 0 600
182 9.08912 -8.88215 10 -1 467 510
87 -1.53186 -3.45419 10 1 0 600
183 7.89181 9.56905 10 -1 472 494
88 -2.84456 4.48478 10 1 0 600
184 7.67569 -5.48747 10 -1 345 381
89 1.66154 -9.25184 10 1 0 600
185 7.10357 -2.71443 10 -1 432 471
90 5.17784 2.78374 10 1 0 600
186 6.84250 -7.15172 10 -1 494 520
91 5.54658 9.66185 10 1 0 600
187 9.71984 7.86188 10 -1 397 434
92 4.30734 -9.63116 10 1 0 600
188 4.91180 6.60667 10 -1 362 401
93 -9.63141 8.68743 10 1 0 600
189 1.48735 -6.13190 10 -1 432 462
94 -8.85958 -8.74631 10 1 0 600
190 -0.80558 -6.63317 10 -1 208 241
95 4.31617 -8.09180 10 1 0 600
191 6.25862 -7.04469 10 -1 495 530
96 -3.28377 -6.19222 10 1 0 600
192 -7.09473 9.25250 10 -1 231 274
193 5.06820 -7.40348 0 0 54 575
202 5.68848 -3.86691 0 0 54 575
194 0.17703 -4.77206 0 0 42 592
203 -1.17494 -0.19863 0 0 42 592
195 -3.63360 5.87810 0 0 54 584
204 -1.74445 1.97092 0 0 54 584
196 0.53775 -4.90006 0 0 32 576
205 6.05182 4.29060 0 0 32 576
197 -2.79616 -0.04438 0 0 1 565
206 7.19618 0.55729 0 0 1 565
198 4.53769 4.04147 0 0 18 593
207 4.53762 -0.42320 0 0 18 593
199 -1.93349 3.33190 0 0 56 544
208 -4.45208 -0.00088 0 0 56 544
200 4.81770 1.46316 0 0 26 542
209 3.79832 6.82677 0 0 26 542
201 -5.69366 0.77491 0 0 14 553
210 -1.85134 -5.94349 0 0 14 553
