9 96 90

# VEHICLES: id start_node end_node capacity max_time
1 193 202 6 502
2 194 203 3 473
3 195 204 8 563
4 196 205 3 535
5 197 206 8 486
6 198 207 3 597
7 199 208 8 581
8 200 209 6 485
9 201 210 3 564

# NODES: id x y service_time demand tw_start tw_end
1 9.47338 -3.48138 10 1 156 198
97 -9.86335 5.69171 10 -1 0 600
2 -2.91204 -4.40051 10 1 408 438
98 -7.88325 -5.52056 10 -1 0 600
3 4.65640 -6.67672 10 1 179 243
99 -9.20656 -0.64805 10 -1 0 600
4 -0.15188 2.56409 10 1 258 343
100 0.91107 -6.43581 10 -1 0 600
5 6.01162 0.43596 10 1 202 242
101 -1.82576 3.83352 10 -1 0 600
6 9.41554 7.47808 10 1 184 263
102 2.94672 4.05415 10 -1 0 600
7 3.80063 3.21627 10 1 228 293
103 8.78322 -1.43689 10 -1 0 600
8 -0.50064 2.75874 10 1 364 419
104 -3.31152 -2.03177 10 -1 0 600
9 -8.04716 1.77591 10 1 265 318
105 -3.23252 -2.08647 10 -1 0 600
10 -0.45803 -1.01908 10 1 188 248
106 -8.23389 -2.68268 10 -1 0 600
11 -1.38192 7.45716 10 1 290 370
107 -6.33556 1.48602 10 -1 0 600
12 -0.17804 -9.00455 10 1 369 437
108 -2.07785 3.43555 10 -1 0 600
13 -3.16384 -3.41379 10 1 330 394
109 -0.61491 3.40481 10 -1 0 600
14 -5.54105 -2.89124 10 1 144 219
110 -0.43458 2.12312 10 -1 0 600
15 1.03359 -4.22930 10 1 330 385
111 -3.49786 -8.23291 10 -1 0 600
16 7.08854 -7.26348 10 1 352 441
112 -8.46794 6.89042 10 -1 0 600
17 -0.44694 -5.14828 10 1 380 412
113 0.83952 4.13942 10 -1 0 600
18 -4.00846 3.16034 10 1 284 340
114 8.10753 -0.59761 10 -1 0 600
19 2.05816 -6.02489 10 1 80 153
115 2.24557 9.11408 10 -1 0 600
20 7.02643 5.36753 10 1 354 407
116 8.27770 -3.14560 10 -1 0 600
21 -6.70988 -9.91236 10 1 242 294
117 -7.17838 -5.56341 10 -1 0 600
22 -1.04021 7.51823 10 1 157 211
118 -2.51728 6.60562 10 -1 0 600
23 9.99043 7.96145 10 1 350 395
119 -9.58463 7.78504 10 -1 0 600
24 9.31126 -6.64473 10 1 82 113
120 -0.14948 0.39089 10 -1 0 600
25 -5.58750 -4.82618 10 1 167 198
121 -8.03826 6.47336 10 -1 0 600
26 -6.60416 -2.23061 10 1 374 453
122 -8.54362 5.82261 10 -1 0 600
27 -1.10369 9.47998 10 1 111 193
123 -4.95116 0.36021 10 -1 0 600
28 -3.25711 6.60280 10 1 256 339
124 -8.00823 -7.59434 10 -1 0 600
29 2.37516 -5.72180 10 1 343 416
125 -1.80661 7.47413 10 -1 0 600
30 -7.66936 -7.85684 10 1 166 254
126 -1.43092 -7.06830 10 -1 0 600
31 -4.53585 5.58273 10 1 149 207
127 -6.51410 -7.37357 10 -1 0 600
32 3.06151 -0.11186 10 1 299 375
128 9.65205 9.52946 10 -1 0 600
33 4.81502 0.31266 10 1 91 176
129 -4.06815 -2.45707 10 -1 0 600
34 7.84314 -0.76996 10 1 103 133
130 -6.46610 -2.22589 10 -1 0 600
35 0.48903 5.89537 10 1 119 206
131 0.81044 -6.54626 10 -1 0 600
36 8.96900 0.97441 10 1 234 304
132 9.62716 0.93448 10 -1 0 600
37 7.75898 -1.03223 10 1 90 122
133 -3.52816 -6.12111 10 -1 0 600
38 4.11959 6.03836 10 1 334 381
134 3.15241 3.33029 10 -1 0 600
39 1.65180 3.27016 10 1 204 263
135 -3.11131 5.23820 10 -1 0 600
40 -9.58501 -6.91310 10 1 382 464
136 2.53963 -5.62249 10 -1 0 600
41 2.71482 -1.36656 10 1 104 171
137 2.99779 2.57388 10 -1 0 600
42 8.55599 6.84346 10 1 136 214
138 1.77111 -1.55681 10 -1 0 600
43 -2.12583 9.64492 10 1 198 274
139 8.73208 -5.38950 10 -1 0 600
44 -8.17768 4.63154 10 1 258 298
140 3.60021 8.26457 10 -1 0 600
45 -5.55485 2.77588 10 1 299 331
141 -6.08735 -1.66132 10 -1 0 600
46 -2.14329 7.59029 10 1 220 279
142 -0.33782 -7.30788 10 -1 0 600
47 0.80150 9.74474 10 1 385 462
143 1.91299 -6.12043 10 -1 0 600
48 -2.72225 -0.19515 10 1 343 419
144 5.81967 4.01742 10 -1 0 600
49 -1.05635 -1.31193 10 1 0 600
145 -8.68576 -5.89029 10 -1 202 280
50 0.46889 3.67768 10 1 0 600
146 -6.90914 -9.33815 10 -1 412 490
51 5.34414 -9.76605 10 1 0 600
147 -4.33081 3.22386 10 -1 449 517
52 1.53770 0.09559 10 1 0 600
148 7.79024 -0.84467 10 -1 329 416
53 -0.32247 0.52725 10 1 0 600
149 5.44234 -5.58043 10 -1 293 377
54 1.01550 -7.69892 10 1 0 600
150 -8.10304 -0.26151 10 -1 284 350
55 1.50643 -7.18530 10 1 0 600
151 -5.76346 9.14094 10 -1 332 374
56 -6.91756 5.13079 10 1 0 600
152 9.02589 7.92548 10 -1 535 594
57 -0.65484 -1.14803 10 1 0 600
153 -7.51325 -0.93928 10 -1 482 551
58 -8.74021 -1.90740 10 1 0 600
154 2.43027 -5.04245 10 -1 209 243
59 8.55901 -1.40419 10 1 0 600
155 -9.70512 -0.04199 10 -1 315 377
60 4.02621 -3.67583 10 1 0 600
156 2.42792 6.60693 10 -1 303 333
61 1.93747 3.45569 10 1 0 600
157 0.27056 4.75122 10 -1 414 472
62 2.93012 1.61805 10 1 0 600
158 -9.11956 5.72107 10 -1 345 382
63 -2.48506 2.33045 10 1 0 600
159 7.21846 -4.20627 10 -1 508 568
64 7.96587 -5.45664 10 1 0 600
160 -3.63824 -4.69143 10 -1 198 245
65 0.71788 7.31245 10 1 0 600
161 -9.25182 3.43886 10 -1 498 559
66 7.75473 1.74156 10 1 0 600
162 5.42710 5.92957 10 -1 260 311
67 1.23233 -7.52221 10 1 0 600
163 -7.43953 -3.60652 10 -1 468 538
68 -1.19402 -9.10309 10 1 0 600
164 -9.95687 -9.72811 10 -1 478 558
69 9.41326 6.65113 10 1 0 600
165 2.96523 -0.34770 10 -1 507 570
70 7.65881 2.56001 10 1 0 600
166 2.55160 -3.52388 10 -1 450 527
71 0.99985 -3.13952 10 1 0 600
167 -5.37613 5.54669 10 -1 287 339
72 -7.52328 8.51208 10 1 0 600
168 -8.98497 5.74217 10 -1 263 319
73 4.03330 -6.60595 10 1 0 600
169 -8.58731 -6.17099 10 -1 254 310
74 2.67666 6.49304 10 1 0 600
170 -3.64142 3.20025 10 -1 364 442
75 8.50791 1.94408 10 1 0 600
171 -6.20217 6.45587 10 -1 229 270
76 8.31058 7.23357 10 1 0 600
172 -4.08319 -3.40770 10 -1 402 458
77 -7.68969 0.86910 10 1 0 600
173 7.81802 8.21783 10 -1 507 553
78 -2.79759 -8.11221 10 1 0 600
174 6.31855 -1.15319 10 -1 234 316
79 -3.40420 -4.45714 10 1 0 600
175 7.54551 1.50531 10 -1 506 585
80 -4.88438 2.30451 10 1 0 600
176 2.82672 -7.71915 10 -1 327 366
81 -8.52381 6.66346 10 1 0 600
177 -3.96669 8.76631 10 -1 379 411
82 -0.19156 3.20408 10 1 0 600
178 -6.92041 -4.56173 10 -1 491 576
83 3.01235 2.97545 10 1 0 600
179 0.49130 7.23170 10 -1 511 560
84 7.30278 1.61285 10 1 0 600
180 5.89958 6.70422 10 -1 193 268
85 -3.52375 -3.02984 10 1 0 600
181 4.93909 4.37495 10 -1 268 322
86 -9.09455 4.96185 10 1 0 600
182 9.55156 -8.49568 10 -1 404 484
87 3.10981 -7.53114 10 1 0 600
183 -8.03737 -3.84387 10 -1 419 504
88 -6.17004 5.06301 10 1 0 600
184 2.44333 3.73997 10 -1 356 401
89 -8.66823 0.11682 10 1 0 600
185 6.90077 -6.75955 10 -1 413 443
90 8.41304 9.42614 10 1 0 600
186 3.56283 5.75034 10 -1 199 279
91 -7.87765 9.12148 10 1 0 600
187 -3.77316 -6.03242 10 -1 467 550
92 5.92773 3.67861 10 1 0 600
188 7.91209 -3.76831 10 -1 324 372
93 2.39606 8.16244 10 1 0 600
189 -5.62509 -7.95001 10 -1 391 428
94 8.30394 4.20267 10 1 0 600
190 8.20458 -9.25342 10 -1 316 358
95 -5.60421 4.29806 10 1 0 600
191 6.55191 -4.15563 10 -1 254 289
96 -0.67076 -8.71955 10 1 0 600
192 -1.61339 0.12509 10 -1 509 555
193 5.41168 -2.98550 0 0 48 568
202 0.65526 5.43201 0 0 48 568
194 5.08895 3.01047 0 0 49 600
203 4.02266 2.78610 0 0 49 600
195 0.14061 2.82553 0 0 18 555
204 6.99379 2.23274 0 0 18 555
196 -0.01853 5.80966 0 0 27 558
205 5.86188 -1.87166 0 0 27 558
197 -4.47379 3.91533 0 0 29 596
206 1.27088 4.20225 0 0 29 596
198 6.47400 1.02454 0 0 35 558
207 -6.77953 1.86348 0 0 35 558
199 2.00194 -4.37336 0 0 39 585
208 -4.86789 -6.50988 0 0 39 585
200 -0.75125 -2.65181 0 0 13 551
209 -1.09522 -5.07024 0 0 13 551
201 3.86846 -1.76127 0 0 41 547
210 -4.21515 0.18858 0 0 41 547
