11 120 90

# VEHICLES: id start_node end_node capacity max_time
1 241 252 6 558
2 242 253 8 432
3 243 254 6 515
4 244 255 8 485
5 245 256 8 500
6 246 257 8 423
7 247 258 8 568
8 248 259 6 597
9 249 260 3 594
10 250 261 3 502
11 251 262 8 436

# NODES: id x y service_time demand tw_start tw_end
1 -2.41925 -7.19716 10 1 142 183
121 -4.66033 7.77102 10 -1 0 600
2 7.36384 9.14397 10 1 264 287
122 3.80086 5.90479 10 -1 0 600
3 8.27118 -8.62695 10 1 372 392
123 -3.44875 -2.36032 10 -1 0 600
4 -4.25872 -7.51590 10 1 333 359
124 -9.63745 -2.72952 10 -1 0 600
5 9.18817 -2.85415 10 1 90 115
125 -0.96567 1.02806 10 -1 0 600
6 9.22218 2.55864 10 1 335 359
126 6.87918 -9.38126 10 -1 0 600
7 4.08908 2.61465 10 1 65 105
127 4.20260 9.57992 10 -1 0 600
8 3.28415 -5.70470 10 1 394 434
128 9.41178 -1.12030 10 -1 0 600
9 -8.45472 -7.78532 10 1 131 157
129 -0.46903 3.01649 10 -1 0 600
10 8.51039 3.07542 10 1 66 108
130 2.68174 9.42458 10 -1 0 600
11 -8.90629 -1.20159 10 1 279 319
131 9.36836 -1.58540 10 -1 0 600
12 3.98785 0.30286 10 1 172 214
132 5.13103 1.78317 10 -1 0 600
13 7.89034 -8.79981 10 1 208 227
133 3.16027 4.14708 10 -1 0 600
14 -5.72464 -6.80151 10 1 92 133
134 6.26570 -0.50708 10 -1 0 600
15 -9.07396 3.78551 10 1 256 282
135 9.26273 5.73619 10 -1 0 600
16 9.86791 0.94511 10 1 168 201
136 -2.54514 2.26231 10 -1 0 600
17 -6.84777 -7.62258 10 1 130 170
137 7.68658 7.84759 10 -1 0 600
18 -3.23548 0.74683 10 1 165 202
138 0.90241 0.44492 10 -1 0 600
19 6.42131 -5.29649 10 1 366 397
139 7.36613 3.17277 10 -1 0 600
20 6.17666 -3.10066 10 1 374 414
140 5.00321 5.04398 10 -1 0 600
21 -3.56354 -7.20773 10 1 256 294
141 -6.82184 2.45349 10 -1 0 600
22 8.53042 7.18121 10 1 343 384
142 4.71485 -6.29637 10 -1 0 600
23 -7.52667 -4.54691 10 1 77 115
143 3.61485 -3.62835 10 -1 0 600
24 7.35259 5.41984 10 1 350 389
144 -8.04862 2.30482 10 -1 0 600
25 9.83920 -8.65880 10 1 232 277
145 -0.46181 -4.52837 10 -1 0 600
26 1.02060 2.28789 10 1 82 110
146 6.92758 -8.36509 10 -1 0 600
27 -2.98637 3.55622 10 1 120 156
147 -3.55508 1.48130 10 -1 0 600
28 5.08120 -1.21790 10 1 310 349
148 -4.76188 9.51840 10 -1 0 600
29 0.48573 -0.91647 10 1 64 86
149 -6.82889 0.73576 10 -1 0 600
30 -8.95500 -8.69052 10 1 408 452
150 6.63139 -9.90938 10 -1 0 600
31 -6.67603 7.19386 10 1 259 297
151 -4.81993 -8.71231 10 -1 0 600
32 5.38444 7.98202 10 1 390 422
152 5.19453 -2.91580 10 -1 0 600
33 -5.81460 5.16313 10 1 175 193
153 7.36782 4.71105 10 -1 0 600
34 6.26219 7.65948 10 1 203 232
154 7.41555 4.80913 10 -1 0 600
35 2.01808 -1.98397 10 1 203 242
155 2.19914 3.22892 10 -1 0 600
36 5.59216 7.88296 10 1 153 193
156 0.55865 9.32027 10 -1 0 600
37 -0.31852 9.66586 10 1 362 385
157 -4.54862 3.07921 10 -1 0 600
38 -7.34654 -0.28369 10 1 226 261
158 1.46718 9.94026 10 -1 0 600
39 9.23398 -7.78216 10 1 200 236
159 -0.50044 3.88977 10 -1 0 600
40 8.35173 -2.98659 10 1 142 182
160 5.61146 7.46285 10 -1 0 600
41 -5.94356 -3.46406 10 1 370 393
161 -0.53972 -3.50942 10 -1 0 600
42 -7.33316 -7.95094 10 1 178 217
162 2.57802 1.67891 10 -1 0 600
43 -8.76853 5.46858 10 1 71 113
163 1.95652 2.89430 10 -1 0 600
44 6.29683 4.87723 10 1 297 315
164 8.48870 -3.43682 10 -1 0 600
45 -0.67145 -4.56518 10 1 164 194
165 2.78489 -4.16901 10 -1 0 600
46 -2.55562 4.41220 10 1 108 123
166 4.82053 -1.80604 10 -1 0 600
47 6.31160 8.59650 10 1 383 428
167 4.76788 -4.72365 10 -1 0 600
48 1.08833 7.97272 10 1 217 248
168 -6.46956 -2.55017 10 -1 0 600
49 -6.31511 -1.87481 10 1 230 258
169 9.35473 -4.51850 10 -1 0 600
50 4.42838 4.64013 10 1 158 178
170 3.91823 9.56424 10 -1 0 600
51 0.46316 -3.82996 10 1 346 362
171 -5.48047 -8.28734 10 -1 0 600
52 5.41885 8.30006 10 1 386 405
172 -0.34006 -8.03258 10 -1 0 600
53 0.18615 7.79641 10 1 173 203
173 -3.98671 8.16844 10 -1 0 600
54 1.56220 -3.27870 10 1 140 155
174 1.67242 -8.42124 10 -1 0 600
55 -2.45571 -4.47846 10 1 323 366
175 -8.04876 4.38326 10 -1 0 600
56 -5.24629 5.38839 10 1 392 429
176 8.92732 9.61323 10 -1 0 600
57 8.52300 4.15004 10 1 126 147
177 -2.49445 -8.54570 10 -1 0 600
58 -3.17324 8.61353 10 1 175 194
178 6.99493 -4.14376 10 -1 0 600
59 9.89703 8.57252 10 1 359 384
179 -1.93938 0.96301 10 -1 0 600
60 -1.45837 -9.24696 10 1 180 202
180 -2.37302 -0.78886 10 -1 0 600
61 5.13884 -1.03558 10 1 0 600
181 7.66567 4.95116 10 -1 497 540
62 -3.35053 -9.94131 10 1 0 600
182 4.76863 9.69677 10 -1 218 261
63 -9.06860 -8.13317 10 1 0 600
183 -1.46638 5.46382 10 -1 441 476
64 0.33136 -3.47541 10 1 0 600
184 4.38898 -1.28043 10 -1 328 344
65 7.88165 2.70092 10 1 0 600
185 -8.51461 -2.13433 10 -1 197 218
66 -7.30523 7.16109 10 1 0 600
186 -4.17367 -7.48892 10 -1 425 462
67 4.94780 -6.95597 10 1 0 600
187 -1.19928 0.05639 10 -1 237 271
68 1.34865 -2.80357 10 1 0 600
188 0.38542 -4.01741 10 -1 329 344
69 7.76299 0.31303 10 1 0 600
189 -9.88147 0.62185 10 -1 256 279
70 -6.16151 2.28653 10 1 0 600
190 0.27931 -0.23959 10 -1 266 307
71 6.94107 -0.13458 10 1 0 600
191 9.87463 -7.80221 10 -1 295 338
72 8.18758 0.73442 10 1 0 600
192 -2.45403 9.90131 10 -1 409 437
73 -4.15687 -4.80635 10 1 0 600
193 -4.77952 -8.98156 10 -1 426 447
74 5.22484 -2.49256 10 1 0 600
194 3.50469 -7.78920 10 -1 458 494
75 1.56374 8.02547 10 1 0 600
195 -5.11525 0.64710 10 -1 229 244
76 3.45271 -8.06882 10 1 0 600
196 -7.99558 2.16554 10 -1 426 463
77 -5.53553 -0.72114 10 1 0 600
197 0.08032 4.19684 10 -1 369 408
78 5.96946 6.33321 10 1 0 600
198 8.25109 -5.93387 10 -1 476 503
79 -5.38663 -2.41121 10 1 0 600
199 -0.74126 -8.27921 10 -1 235 275
80 8.60958 2.37011 10 1 0 600
200 -3.59084 -7.80067 10 -1 202 225
81 8.16345 -3.59422 10 1 0 600
201 -7.63678 -2.60075 10 -1 540 571
82 -7.64655 -8.91916 10 1 0 600
202 8.16085 -8.48912 10 -1 443 480
83 8.49097 0.94966 10 1 0 600
203 -5.33273 4.39315 10 -1 183 226
84 -6.53896 3.29897 10 1 0 600
204 4.74000 4.85070 10 -1 389 428
85 1.20809 4.45540 10 1 0 600
205 4.98943 -4.61369 10 -1 273 316
86 -2.87796 -3.22196 10 1 0 600
206 7.31850 -6.15469 10 -1 299 321
87 2.48733 -4.65041 10 1 0 600
207 -8.56713 -0.05544 10 -1 476 495
88 -8.62202 5.62550 10 1 0 600
208 6.70542 -7.84788 10 -1 240 271
89 -4.07120 -5.98204 10 1 0 600
209 3.38479 -3.30149 10 -1 256 296
90 6.03245 -1.57881 10 1 0 600
210 4.98575 -0.73504 10 -1 390 423
91 -3.20706 -2.46074 10 1 0 600
211 -1.28364 8.49992 10 -1 330 356
92 5.51774 -6.58593 10 1 0 600
212 5.77469 -4.08203 10 -1 219 237
93 -3.20289 -6.20000 10 1 0 600
213 6.77447 2.22420 10 -1 473 498
94 6.70764 -1.00595 10 1 0 600
214 -4.31399 -7.19535 10 -1 412 430
95 -4.90388 7.24625 10 1 0 600
215 7.25205 -1.54266 10 -1 289 332
96 0.86447 2.58076 10 1 0 600
216 3.83739 -1.51282 10 -1 327 352
97 8.31201 -4.91121 10 1 0 600
217 8.54608 -6.99886 10 -1 265 284
98 -2.66342 7.65665 10 1 0 600
218 -4.24838 -1.98298 10 -1 482 527
99 0.61302 -8.94544 10 1 0 600
219 -3.20665 -5.88415 10 -1 241 281
100 5.56263 -2.51585 10 1 0 600
220 -0.13609 -0.79438 10 -1 471 507
101 -9.64558 6.01331 10 1 0 600
221 -4.82131 5.24286 10 -1 325 369
102 -0.87762 -7.01802 10 1 0 600
222 9.64645 -8.84681 10 -1 408 446
103 -9.39062 6.51284 10 1 0 600
223 7.26536 3.41539 10 -1 285 313
104 -5.88368 4.31438 10 1 0 600
224 1.84813 9.96740 10 -1 450 465
105 -6.79347 6.17448 10 1 0 600
225 -2.06275 9.04393 10 -1 225 254
106 4.97576 0.71586 10 1 0 600
226 8.31598 -5.08097 10 -1 246 284
107 0.09640 -9.69664 10 1 0 600
227 7.18244 7.42998 10 -1 253 285
108 9.02529 6.07006 10 1 0 600
228 -7.22807 -5.03075 10 -1 383 413
109 -6.57048 -7.77128 10 1 0 600
229 -0.43070 1.81652 10 -1 214 259
110 3.66196 -5.55965 10 1 0 600
230 -0.34942 -4.73825 10 -1 417 432
111 -6.04605 -6.29018 10 1 0 600
231 -4.43069 8.02937 10 -1 410 426
112 -9.28279 -8.51609 10 1 0 600
232 -1.02585 6.71443 10 -1 292 310
113 2.75029 6.86146 10 1 0 600
233 -0.53704 1.69261 10 -1 386 402
114 9.31969 4.10129 10 1 0 600
234 2.82675 -7.91030 10 -1 467 512
115 -8.12908 1.27048 10 1 0 600
235 2.34094 6.52506 10 -1 315 332
116 -2.37061 -1.66917 10 1 0 600
236 3.24552 7.19847 10 -1 302 333
117 -3.27902 -9.25019 10 1 0 600
237 0.52014 -5.29702 10 -1 267 286
118 4.04833 2.79402 10 1 0 600
238 1.59655 -6.39257 10 -1 482 520
119 0.15510 -4.43579 10 1 0 600
239 -5.39716 4.38080 10 -1 422 441
120 0.74050 3.40667 10 1 0 600
240 -8.51455 6.86891 10 -1 468 505
241 0.57118 3.29303 0 0 0 576
252 -2.59206 -5.41088 0 0 0 576
242 3.27174 -2.19150 0 0 16 574
253 -2.64849 -7.48605 0 0 16 574
243 -4.24167 -6.82951 0 0 40 557
254 5.28488 5.23808 0 0 40 557
244 -5.73970 -1.11464 0 0 9 549
255 3.02392 5.38476 0 0 9 549
245 -5.02156 -3.81329 0 0 47 590
256 5.15219 2.10289 0 0 47 590
246 1.18051 -7.31096 0 0 30 578
257 6.03880 5.52314 0 0 30 578
247 -1.11026 -2.30819 0 0 13 593
258 -5.18721 -6.36767 0 0 13 593
248 2.55394 7.46266 0 0 8 575
259 3.81769 -1.33212 0 0 8 575
249 3.89168 6.71411 0 0 26 591
260 -3.81079 2.02433 0 0 26 591
250 0.45770 -6.48504 0 0 52 540
261 4.12853 5.47763 0 0 52 540
251 1.84653 2.11231 0 0 0 586
262 2.42047 -1.52543 0 0 0 586
