11 120 90

# VEHICLES: id start_node end_node capacity max_time
1 241 252 6 442
2 242 253 3 519
3 243 254 3 567
4 244 255 8 451
5 245 256 6 481
6 246 257 6 443
7 247 258 6 489
8 248 259 6 534
9 249 260 3 456
10 250 261 3 550
11 251 262 6 581

# NODES: id x y service_time demand tw_start tw_end
1 -2.50293 -2.77414 10 1 135 212
121 2.06842 7.84142 10 -1 0 600
2 -5.18565 7.88900 10 1 303 344
122 4.17928 2.13057 10 -1 0 600
3 -6.32040 2.85474 10 1 307 357
123 -7.54172 4.74390 10 -1 0 600
4 7.13618 -3.52008 10 1 253 298
124 7.49933 3.59154 10 -1 0 600
5 0.34326 -5.55346 10 1 86 137
125 0.93321 -1.13080 10 -1 0 600
6 7.84198 0.89197 10 1 80 170
126 6.23590 -8.74733 10 -1 0 600
7 -4.21868 9.79756 10 1 386 434
127 3.17408 -3.36428 10 -1 0 600
8 8.08575 -0.81593 10 1 74 113
128 7.18490 7.95194 10 -1 0 600
9 6.47149 -1.56134 10 1 164 238
129 -2.11674 -9.66759 10 -1 0 600
10 3.37510 -1.87787 10 1 185 257
130 4.08949 -9.68674 10 -1 0 600
11 -0.05655 -9.49400 10 1 349 427
131 8.36257 0.97330 10 -1 0 600
12 2.66562 3.54972 10 1 408 470
132 -3.66685 7.48671 10 -1 0 600
13 -4.02208 4.55343 10 1 322 399
133 -4.68684 9.12646 10 -1 0 600
14 -0.31308 8.03864 10 1 378 418
134 0.19645 3.01839 10 -1 0 600
15 6.28156 1.99613 10 1 420 509
135 -2.41586 -7.12249 10 -1 0 600
16 9.57784 -1.85888 10 1 296 346
136 -0.66920 -0.77501 10 -1 0 600
17 2.38253 1.85050 10 1 127 161
137 7.30120 8.10849 10 -1 0 600
18 -5.87311 9.39160 10 1 84 140
138 2.67814 4.40590 10 -1 0 600
19 1.31732 -8.11172 10 1 310 379
139 -7.89207 -0.55772 10 -1 0 600
20 2.76770 -9.93342 10 1 172 223
140 -4.34681 -7.58480 10 -1 0 600
21 -1.52438 -4.27172 10 1 226 278
141 2.91348 -2.22283 10 -1 0 600
22 3.36261 7.47407 10 1 272 345
142 4.91489 4.76449 10 -1 0 600
23 -3.19492 3.24985 10 1 261 312
143 9.64846 5.95278 10 -1 0 600
24 7.52487 2.05914 10 1 413 491
144 5.88487 2.11908 10 -1 0 600
25 -6.12016 4.64226 10 1 402 477
145 -0.93620 -1.08612 10 -1 0 600
26 -5.07792 -4.11864 10 1 315 369
146 -1.22421 -7.97201 10 -1 0 600
27 -5.64121 -3.75303 10 1 240 307
147 9.09189 7.32571 10 -1 0 600
28 -8.87027 -5.78365 10 1 198 230
148 -7.25364 3.90440 10 -1 0 600
29 4.72575 -4.50568 10 1 125 211
149 0.59397 9.44938 10 -1 0 600
30 3.17883 2.29510 10 1 320 357
150 6.84847 7.71230 10 -1 0 600
31 -0.04713 -0.50654 10 1 416 454
151 7.61858 3.33402 10 -1 0 600
32 2.57702 6.22953 10 1 105 178
152 7.65383 -7.28816 10 -1 0 600
33 6.68614 -5.97469 10 1 407 478
153 -9.22952 6.81149 10 -1 0 600
34 -9.24835 9.37420 10 1 104 163
154 6.78884 -5.65023 10 -1 0 600
35 1.95440 -3.80555 10 1 382 446
155 3.89928 -0.88043 10 -1 0 600
36 9.08415 -4.05146 10 1 418 453
156 -4.21063 2.28159 10 -1 0 600
37 2.06549 -4.66590 10 1 270 324
157 -2.85588 2.37544 10 -1 0 600
38 2.39332 9.17722 10 1 392 429
158 -7.54744 4.97186 10 -1 0 600
39 -1.19233 -7.57819 10 1 355 416
159 9.07492 -8.54573 10 -1 0 600
40 -2.48020 -3.64233 10 1 368 447
160 2.80831 -3.89087 10 -1 0 600
41 6.80782 9.85186 10 1 112 186
161 -9.22363 5.14465 10 -1 0 600
42 4.98747 1.81111 10 1 144 226
162 9.19033 -0.54298 10 -1 0 600
43 -9.51450 8.33056 10 1 254 313
163 0.58003 -9.94609 10 -1 0 600
44 -3.93658 -3.10774 10 1 405 481
164 -1.74807 -0.49476 10 -1 0 600
45 3.94561 -4.22652 10 1 223 257
165 4.40389 4.46317 10 -1 0 600
46 1.75658 -6.17126 10 1 231 307
166 5.71806 -8.19969 10 -1 0 600
47 -1.61711 3.59873 10 1 105 152
167 -9.31705 0.86444 10 -1 0 600
48 -9.25318 -9.52354 10 1 245 331
168 -9.09488 -3.64420 10 -1 0 600
49 -6.70937 4.99946 10 1 419 493
169 7.42217 -5.40438 10 -1 0 600
50 -4.06117 4.15689 10 1 336 421
170 0.46702 -0.21271 10 -1 0 600
51 0.07896 4.84629 10 1 67 138
171 -3.16145 7.27253 10 -1 0 600
52 -2.11313 -8.52402 10 1 164 199
172 0.58969 5.53009 10 -1 0 600
53 -2.86627 9.34130 10 1 308 373
173 -7.60406 4.63070 10 -1 0 600
54 8.27362 3.85409 10 1 259 316
174 5.57552 0.87488 10 -1 0 600
55 0.96976 -6.94824 10 1 64 105
175 -6.86580 8.27599 10 -1 0 600
56 -0.42834 -0.45308 10 1 409 468
176 8.46027 2.52705 10 -1 0 600
57 1.03078 -9.28245 10 1 375 425
177 7.93683 0.80299 10 -1 0 600
58 -6.38607 -8.57834 10 1 253 318
178 7.17598 -7.33699 10 -1 0 600
59 4.06016 -8.67709 10 1 214 249
179 -2.88456 -9.94023 10 -1 0 600
60 -6.04970 0.35370 10 1 419 479
180 -2.08087 -2.76544 10 -1 0 600
61 -8.14354 -0.50669 10 1 0 600
181 2.78978 -7.95749 10 -1 353 417
62 -2.73163 -2.26340 10 1 0 600
182 -2.51753 2.42149 10 -1 524 577
63 -4.46920 -6.72578 10 1 0 600
183 -6.71943 0.70433 10 -1 388 464
64 -0.49462 -4.46380 10 1 0 600
184 -3.84307 -8.89637 10 -1 374 463
65 -0.32412 -0.80524 10 1 0 600
185 -0.45427 -3.07764 10 -1 251 334
66 -4.48934 3.04100 10 1 0 600
186 -0.40775 6.96949 10 -1 326 357
67 -0.72873 4.92862 10 1 0 600
187 3.29044 -3.95618 10 -1 321 387
68 1.44032 3.29040 10 1 0 600
188 -2.76576 0.27938 10 -1 299 363
69 2.01569 9.01900 10 1 0 600
189 9.35891 -7.18314 10 -1 224 272
70 8.72399 1.37098 10 1 0 600
190 2.85044 3.32611 10 -1 310 341
71 0.86412 0.78764 10 1 0 600
191 -2.07743 -3.16558 10 -1 186 273
72 0.28484 5.78937 10 1 0 600
192 -7.76699 -1.08909 10 -1 511 555
73 1.81682 -8.87717 10 1 0 600
193 3.95405 -8.40435 10 -1 351 382
74 7.83400 -7.66249 10 1 0 600
194 6.17630 4.27230 10 -1 506 579
75 -9.56275 6.66244 10 1 0 600
195 -8.89960 0.56628 10 -1 386 439
76 4.80209 5.71629 10 1 0 600
196 -7.32052 -7.21988 10 -1 184 246
77 0.54845 -2.03890 10 1 0 600
197 -3.27119 1.53903 10 -1 389 435
78 -1.41282 -5.11627 10 1 0 600
198 0.05752 -4.02916 10 -1 373 450
79 1.68085 5.48642 10 1 0 600
199 -4.89189 -5.59593 10 -1 397 470
80 -8.38252 6.45348 10 1 0 600
200 6.77376 -3.33013 10 -1 498 580
81 -0.79884 6.45647 10 1 0 600
201 -5.74503 -8.08348 10 -1 204 277
82 -7.96274 6.90912 10 1 0 600
202 -5.81547 0.73574 10 -1 325 399
83 -7.98007 -5.46370 10 1 0 600
203 -4.18774 -0.54859 10 -1 289 375
84 3.61215 8.30312 10 1 0 600
204 -8.65816 -2.75662 10 -1 438 469
85 -1.04912 -1.49873 10 1 0 600
205 -8.05709 -5.33072 10 -1 425 486
86 2.21397 -5.69104 10 1 0 600
206 -3.97648 5.62605 10 -1 254 312
87 -0.49746 -1.09007 10 1 0 600
207 -7.91547 -5.52064 10 -1 437 472
88 -2.47857 -8.96760 10 1 0 600
208 6.23800 -1.90617 10 -1 333 373
89 2.98773 -3.48795 10 1 0 600
209 -6.70641 1.73229 10 -1 200 289
90 9.79702 6.04968 10 1 0 600
210 -9.23584 -7.26821 10 -1 307 369
91 2.84533 -3.19409 10 1 0 600
211 9.46498 0.93601 10 -1 418 469
92 0.31547 5.27709 10 1 0 600
212 6.00464 7.80293 10 -1 540 572
93 2.12814 4.67973 10 1 0 600
213 -6.19214 -2.76420 10 -1 354 409
94 -7.76594 4.49287 10 1 0 600
214 3.45953 5.85545 10 -1 460 519
95 -7.74718 -9.54157 10 1 0 600
215 -8.99552 2.35738 10 -1 367 409
96 -1.42026 2.43307 10 1 0 600
216 4.36992 0.36798 10 -1 238 304
97 -3.39060 7.78232 10 1 0 600
217 -2.14877 -9.67453 10 -1 234 280
98 4.12046 2.88885 10 1 0 600
218 -7.55346 7.48608 10 -1 385 420
99 -7.67153 -7.63579 10 1 0 600
219 2.38862 -5.25666 10 -1 412 481
100 -0.82633 2.02230 10 1 0 600
220 -6.72243 4.18841 10 -1 407 473
101 7.95194 -1.36300 10 1 0 600
221 0.89376 3.11641 10 -1 445 475
102 4.37507 9.95144 10 1 0 600
222 1.23707 8.34371 10 -1 272 322
103 7.89199 3.70268 10 1 0 600
223 9.09133 6.04097 10 -1 419 505
104 6.39066 2.83975 10 1 0 600
224 -1.76563 0.87557 10 -1 367 431
105 7.51797 -6.40072 10 1 0 600
225 -4.95980 9.72647 10 -1 452 516
106 6.10793 2.90224 10 1 0 600
226 -9.63939 9.62748 10 -1 522 554
107 -5.88476 1.21891 10 1 0 600
227 -0.65273 -9.28391 10 -1 461 536
108 -6.75930 5.85581 10 1 0 600
228 -8.71462 -6.35116 10 -1 231 272
109 -6.71301 9.43696 10 1 0 600
229 7.20802 1.38372 10 -1 231 300
110 4.79565 0.67331 10 1 0 600
230 -4.39479 0.84118 10 -1 399 452
111 3.19920 5.70847 10 1 0 600
231 -4.45090 -6.67196 10 -1 409 471
112 -0.52195 3.47678 10 1 0 600
232 -6.81824 -7.95738 10 -1 292 348
113 2.42079 7.23759 10 1 0 600
233 -9.42336 -0.75171 10 -1 357 433
114 -2.16275 2.13714 10 1 0 600
234 -4.74794 8.12711 10 -1 244 333
115 6.31070 8.77106 10 1 0 600
235 -2.73543 -6.23192 10 -1 329 394
116 -8.23694 -1.93233 10 1 0 600
236 -7.74631 -9.56962 10 -1 228 283
117 8.90409 -9.52279 10 1 0 600
237 -6.20353 5.94574 10 -1 461 549
118 8.33165 9.89350 10 1 0 600
238 5.83184 2.46686 10 -1 462 549
119 0.40766 -8.66802 10 1 0 600
239 -9.78266 -4.22997 10 -1 394 475
120 -0.17545 -5.78054 10 1 0 600
240 5.90954 7.25961 10 -1 292 329
241 5.79214 -1.31718 0 0 23 600
252 1.81926 -2.27100 0 0 23 600
242 -4.06491 6.68250 0 0 11 599
253 -6.76231 -1.47516 0 0 11 599
243 -2.16483 2.21855 0 0 26 556
254 4.47638 2.60798 0 0 26 556
244 -4.77922 5.11528 0 0 59 577
255 7.48289 -1.72039 0 0 59 577
245 5.90851 3.83903 0 0 46 571
256 -2.05344 -6.83507 0 0 46 571
246 1.48581 2.20358 0 0 0 567
257 5.23704 0.96435 0 0 0 567
247 -1.69804 -7.26289 0 0 16 555
258 0.70749 -6.57822 0 0 16 555
248 7.15845 -4.44645 0 0 51 540
259 -4.67330 3.12487 0 0 51 540
249 3.41420 -3.17789 0 0 15 543
260 0.50731 4.86744 0 0 15 543
250 -2.99665 7.28961 0 0 13 568
261 6.53203 7.04181 0 0 13 568
251 7.36071 4.35582 0 0 3 545
262 -6.43483 -6.98356 0 0 3 545
