13 144 90

# VEHICLES: id start_node end_node capacity max_time
1 289 302 8 527
2 290 303 6 449
3 291 304 8 598
4 292 305 3 594
5 293 306 3 468
6 294 307 3 516
7 295 308 6 464
8 296 309 6 576
9 297 310 3 541
10 298 311 6 473
11 299 312 6 495
12 300 313 6 475
13 301 314 8 460

# NODES: id x y service_time demand tw_start tw_end
1 0.40061 3.08535 10 1 201 237
145 -2.48721 3.17493 10 -1 0 600
2 -5.80316 -5.53313 10 1 419 458
146 7.23062 2.01720 10 -1 0 600
3 9.92012 -5.25085 10 1 273 292
147 -9.84554 -2.23064 10 -1 0 600
4 0.19587 -4.06060 10 1 128 157
148 3.40217 -4.64665 10 -1 0 600
5 1.43749 -7.24629 10 1 277 297
149 5.91309 1.63200 10 -1 0 600
6 -6.48522 -5.91519 10 1 215 250
150 3.92417 1.84790 10 -1 0 600
7 -6.97110 -8.46414 10 1 347 373
151 9.66220 -9.45596 10 -1 0 600
8 -1.05009 8.75142 10 1 72 99
152 -9.10064 -5.91892 10 -1 0 600
9 0.05474 -1.82355 10 1 311 355
153 2.65916 2.79175 10 -1 0 600
10 2.31959 -6.12712 10 1 356 389
154 7.48730 -3.53661 10 -1 0 600
11 0.76576 4.37654 10 1 101 140
155 -6.19729 -0.28239 10 -1 0 600
12 8.33281 -8.77320 10 1 335 358
156 6.69700 -8.12580 10 -1 0 600
13 -9.40199 -2.57878 10 1 78 102
157 9.98302 6.44474 10 -1 0 600
14 -2.81916 4.56997 10 1 155 184
158 -1.70444 9.92040 10 -1 0 600
15 -7.24950 4.75456 10 1 134 170
159 1.30523 5.92872 10 -1 0 600
16 4.73741 -6.33269 10 1 89 108
160 -0.21636 -5.01866 10 -1 0 600
17 -8.93121 -3.69419 10 1 234 273
161 -9.24292 -5.06703 10 -1 0 600
18 8.82497 -6.91574 10 1 120 139
162 8.57864 3.33719 10 -1 0 600
19 -1.10259 8.43122 10 1 364 387
163 -6.21010 2.42338 10 -1 0 600
20 8.85750 5.25262 10 1 135 165
164 -1.76072 1.29618 10 -1 0 600
21 -2.50361 1.88111 10 1 136 174
165 -0.69044 -8.20426 10 -1 0 600
22 -9.76336 0.35978 10 1 120 156
166 1.97530 -2.35419 10 -1 0 600
23 0.07786 8.80760 10 1 246 291
167 -4.64644 -0.13933 10 -1 0 600
24 6.55409 -2.43217 10 1 376 408
168 -2.65710 -0.01640 10 -1 0 600
25 6.13920 -7.06035 10 1 295 326
169 2.66259 -4.23493 10 -1 0 600
26 -3.17017 6.80895 10 1 366 411
170 -0.69731 -3.62714 10 -1 0 600
27 -8.83709 3.85774 10 1 407 437
171 -7.47495 -9.70658 10 -1 0 600
28 -3.75731 2.76008 10 1 222 239
172 7.63086 -0.62917 10 -1 0 600
29 -3.75349 5.84782 10 1 82 126
173 7.14808 -4.29799 10 -1 0 600
30 0.94551 -9.90584 10 1 63 104
174 -0.78239 9.72152 10 -1 0 600
31 -9.32890 1.40063 10 1 250 289
175 9.93645 -5.34702 10 -1 0 600
32 9.12753 6.69997 10 1 153 183
176 -8.65603 5.03867 10 -1 0 600
33 -7.82197 -2.37861 10 1 287 321
177 -4.64610 -6.52227 10 -1 0 600
34 9.72269 -8.32779 10 1 376 405
178 8.91901 -1.81152 10 -1 0 600
35 1.58860 0.38766 10 1 75 93
179 -4.08586 0.88302 10 -1 0 600
36 -7.08164 8.23786 10 1 413 440
180 -3.54530 4.70739 10 -1 0 600
37 -9.01052 -5.67465 10 1 186 216
181 0.50917 7.93271 10 -1 0 600
38 4.94556 1.61738 10 1 227 255
182 6.80844 5.74294 10 -1 0 600
39 6.82582 -1.23010 10 1 319 361
183 -3.28974 -1.72641 10 -1 0 600
40 3.46087 9.52092 10 1 358 399
184 4.72833 7.70793 10 -1 0 600
41 -0.09581 -8.73920 10 1 74 102
185 -0.04491 8.61657 10 -1 0 600
42 -7.18657 -7.97621 10 1 413 450
186 -6.43559 3.47072 10 -1 0 600
43 1.36971 -6.87766 10 1 311 345
187 7.56470 -7.47548 10 -1 0 600
44 3.50184 -4.58719 10 1 215 246
188 5.85657 -2.80996 10 -1 0 600
45 -8.18072 9.77672 10 1 221 258
189 -4.60104 -6.43807 10 -1 0 600
46 6.87699 7.52490 10 1 410 439
190 9.26703 -9.14410 10 -1 0 600
47 -4.43930 -7.55416 10 1 271 288
191 -1.83026 -8.22837 10 -1 0 600
48 5.20301 7.80969 10 1 343 368
192 5.58847 2.06664 10 -1 0 600
49 -1.92619 -6.30492 10 1 215 250
193 6.58225 -4.15833 10 -1 0 600
50 -0.54180 5.63440 10 1 371 411
194 -5.84101 -8.38071 10 -1 0 600
51 6.73167 -8.14094 10 1 365 394
195 -7.89467 9.76294 10 -1 0 600
52 -3.90333 -1.61522 10 1 152 183
196 -2.34347 3.23292 10 -1 0 600
53 -2.31808 -2.38005 10 1 132 175
197 6.17200 8.04913 10 -1 0 600
54 1.95896 5.09845 10 1 111 142
198 3.92145 7.97489 10 -1 0 600
55 -3.60455 -1.94877 10 1 335 359
199 4.25945 -8.24735 10 -1 0 600
56 0.32105 6.70055 10 1 198 224
200 5.53728 -1.51537 10 -1 0 600
57 -6.08728 -8.75746 10 1 371 414
201 -4.24475 3.95044 10 -1 0 600
58 9.19490 -3.61328 10 1 223 268
202 5.67532 -9.10099 10 -1 0 600
59 -8.96558 5.42692 10 1 268 305
203 -0.00324 5.20508 10 -1 0 600
60 -0.45200 -1.79455 10 1 99 144
204 8.45983 -4.86482 10 -1 0 600
61 -2.71947 -2.01803 10 1 303 335
205 1.71042 5.04941 10 -1 0 600
62 0.48551 -3.86036 10 1 236 251
206 8.17851 -5.99396 10 -1 0 600
63 2.07416 8.12908 10 1 311 331
207 -0.54569 -8.55134 10 -1 0 600
64 5.06721 -6.64510 10 1 214 243
208 8.11967 -0.76143 10 -1 0 600
65 1.41157 1.20467 10 1 259 277
209 2.00181 -1.02939 10 -1 0 600
66 7.03589 -9.35336 10 1 368 410
210 -6.88658 8.65982 10 -1 0 600
67 6.58786 -3.91902 10 1 284 301
211 -2.36867 4.45198 10 -1 0 600
68 -2.01432 -3.77043 10 1 242 278
212 -2.61900 0.80649 10 -1 0 600
69 -9.72326 -5.26702 10 1 82 103
213 -1.61753 -0.70147 10 -1 0 600
70 6.31540 0.01273 10 1 343 372
214 -7.93517 2.87812 10 -1 0 600
71 4.81350 -0.95289 10 1 265 293
215 -3.31894 -6.38938 10 -1 0 600
72 5.87321 0.85498 10 1 255 270
216 -9.12645 -1.87463 10 -1 0 600
73 2.18847 8.44186 10 1 0 600
217 8.64088 -5.28034 10 -1 457 498
74 -4.60745 2.53021 10 1 0 600
218 1.58975 -3.68258 10 -1 442 486
75 8.07797 -9.07820 10 1 0 600
219 9.57569 4.14082 10 -1 244 262
76 2.53115 4.28157 10 1 0 600
220 -7.76709 0.47503 10 -1 253 292
77 9.07409 -9.05177 10 1 0 600
221 -6.30306 8.16477 10 -1 260 304
78 3.74657 -9.37968 10 1 0 600
222 -7.63463 6.54131 10 -1 485 512
79 -8.60508 -7.20307 10 1 0 600
223 4.92157 2.98406 10 -1 418 448
80 8.59540 7.58370 10 1 0 600
224 -1.82866 -7.68557 10 -1 409 446
81 -3.19405 -7.49554 10 1 0 600
225 -9.23862 -6.47849 10 -1 431 459
82 -1.06043 7.62941 10 1 0 600
226 6.56248 -3.16567 10 -1 420 452
83 -4.50283 -1.24460 10 1 0 600
227 7.72362 4.66007 10 -1 515 533
84 -3.91923 -3.76981 10 1 0 600
228 -2.36100 -8.03125 10 -1 207 231
85 1.75748 -8.51342 10 1 0 600
229 3.06781 -8.72256 10 -1 466 508
86 -9.93962 4.56084 10 1 0 600
230 -1.64002 9.54734 10 -1 453 475
87 0.35115 3.73538 10 1 0 600
231 -0.79412 -4.88924 10 -1 301 345
88 3.31878 -7.85454 10 1 0 600
232 -0.28279 -0.58481 10 -1 291 316
89 9.67141 -5.60869 10 1 0 600
233 -2.92875 0.82429 10 -1 405 440
90 -8.27622 -1.99149 10 1 0 600
234 0.73180 8.20074 10 -1 376 399
91 -5.68665 -2.04120 10 1 0 600
235 3.78285 -3.79294 10 -1 456 480
92 -7.64192 -3.56773 10 1 0 600
236 -9.67657 1.79234 10 -1 514 543
93 -1.42891 -6.08404 10 1 0 600
237 2.70262 6.22607 10 -1 186 223
94 2.84672 -5.96159 10 1 0 600
238 9.92235 1.47260 10 -1 539 578
95 7.42246 -6.76496 10 1 0 600
239 1.11420 2.34203 10 -1 371 407
96 2.12086 9.75441 10 1 0 600
240 -0.90876 1.28080 10 -1 408 425
97 -9.56941 8.10605 10 1 0 600
241 1.58369 9.28302 10 -1 199 223
98 3.92740 7.61512 10 1 0 600
242 4.02227 -0.03398 10 -1 387 418
99 6.17025 -8.41172 10 1 0 600
243 -9.95520 -1.02058 10 -1 516 543
100 4.36458 9.25078 10 1 0 600
244 7.20823 -5.81396 10 -1 396 412
101 -9.25675 -7.47439 10 1 0 600
245 1.78813 6.76903 10 -1 299 332
102 7.43963 3.38650 10 1 0 600
246 -8.51505 -9.76415 10 -1 346 388
103 -5.62984 8.14855 10 1 0 600
247 8.72114 -3.38539 10 -1 210 237
104 0.84945 0.89489 10 1 0 600
248 -6.21953 -8.48227 10 -1 471 509
105 8.12916 -4.10615 10 1 0 600
249 9.77781 -9.73519 10 -1 471 496
106 3.26569 -6.77267 10 1 0 600
250 -3.23531 -2.55255 10 -1 458 486
107 8.88820 1.09612 10 1 0 600
251 0.99779 3.92704 10 -1 499 540
108 -2.76549 7.45309 10 1 0 600
252 -5.59822 2.24914 10 -1 312 334
109 2.15584 -4.38176 10 1 0 600
253 -4.95498 -5.77644 10 -1 512 555
110 -9.25205 0.74539 10 1 0 600
254 1.72257 -0.72108 10 -1 324 344
111 3.67361 -8.68300 10 1 0 600
255 3.56007 9.02575 10 -1 263 295
112 3.75809 1.60982 10 1 0 600
256 -7.08113 5.84667 10 -1 191 210
113 -4.98464 8.32815 10 1 0 600
257 4.72638 4.71890 10 -1 335 352
114 -2.25423 4.05118 10 1 0 600
258 -8.58043 -2.29588 10 -1 281 300
115 -8.63396 3.26222 10 1 0 600
259 3.13558 -3.15240 10 -1 194 221
116 -1.33075 -8.37332 10 1 0 600
260 -5.28647 -6.45300 10 -1 320 354
117 -6.31685 -2.37040 10 1 0 600
261 -3.86002 -2.46609 10 -1 537 556
118 -6.32993 -9.44824 10 1 0 600
262 0.49215 -0.42103 10 -1 321 343
119 -9.58912 -8.96405 10 1 0 600
263 4.98490 8.75629 10 -1 234 253
120 -7.60767 -4.64814 10 1 0 600
264 9.37554 2.32627 10 -1 376 404
121 8.72761 -9.61834 10 1 0 600
265 -0.50249 -9.74297 10 -1 306 323
122 -0.52141 6.41354 10 1 0 600
266 4.20161 2.15492 10 -1 257 280
123 8.61991 5.76886 10 1 0 600
267 -1.41995 -9.70258 10 -1 446 479
124 -9.69483 3.20264 10 1 0 600
268 -1.42565 8.27561 10 -1 311 344
125 -6.09795 -8.19326 10 1 0 600
269 -5.07216 -4.30515 10 -1 508 552
126 -1.49696 6.71459 10 1 0 600
270 -5.83945 -1.74868 10 -1 222 259
127 0.18717 -3.51089 10 1 0 600
271 -8.99614 -8.28688 10 -1 184 218
128 -5.25884 -3.31001 10 1 0 600
272 -3.68721 3.28675 10 -1 393 426
129 5.78269 -2.14014 10 1 0 600
273 0.61755 -0.40806 10 -1 317 360
130 4.00691 7.04525 10 1 0 600
274 1.32576 -3.97207 10 -1 388 423
131 -9.10723 -9.67672 10 1 0 600
275 6.55178 -0.90948 10 -1 219 235
132 4.57083 1.35244 10 1 0 600
276 -2.43490 9.62393 10 -1 258 302
133 -9.72600 3.89258 10 1 0 600
277 5.47338 -5.19794 10 -1 224 268
134 -2.01887 -1.78656 10 1 0 600
278 -2.62059 3.39020 10 -1 235 271
135 -6.69982 7.70129 10 1 0 600
279 1.25100 3.63948 10 -1 303 338
136 -8.87040 -7.71694 10 1 0 600
280 0.12679 -9.93565 10 -1 481 515
137 4.85242 4.89330 10 1 0 600
281 -9.67462 5.32703 10 -1 492 522
138 -9.57973 -7.68595 10 1 0 600
282 -6.37858 -5.74163 10 -1 326 370
139 -9.69074 -5.20512 10 1 0 600
283 1.17073 2.46694 10 -1 471 493
140 -1.97001 -4.70177 10 1 0 600
284 -3.00391 1.41166 10 -1 250 289
141 9.42758 4.30638 10 1 0 600
285 -5.97768 -6.99726 10 -1 310 327
142 8.97878 4.01456 10 1 0 600
286 -9.51188 4.21356 10 -1 258 300
143 5.51432 0.55658 10 1 0 600
287 -4.84971 9.63187 10 -1 270 307
144 4.01520 -1.57517 10 1 0 600
288 1.17975 -1.05503 10 -1 198 218
289 -7.34049 2.31448 0 0 4 546
302 4.72526 0.50604 0 0 4 546
290 -4.55671 -2.46715 0 0 43 544
303 0.61452 3.46099 0 0 43 544
291 0.77389 -4.21908 0 0 12 581
304 7.30434 -5.92059 0 0 12 581
292 -4.47402 -0.39318 0 0 14 574
305 5.67941 3.95664 0 0 14 574
293 6.68418 -7.30228 0 0 38 572
306 -0.92965 3.39672 0 0 38 572
294 -3.90283 -0.85261 0 0 59 585
307 -6.50913 3.27390 0 0 59 585
295 -5.58349 -2.18333 0 0 36 574
308 2.24733 -3.08512 0 0 36 574
296 3.83647 3.76755 0 0 16 546
309 -5.66756 6.98416 0 0 16 546
297 1.65546 -7.32304 0 0 41 585
310 -2.57039 -2.12143 0 0 41 585
298 5.90234 -4.74423 0 0 31 595
311 -2.77477 6.94609 0 0 31 595
299 -3.93130 -5.15118 0 0 6 550
312 1.86071 -4.26272 0 0 6 550
300 -3.59757 -3.68778 0 0 7 556
313 0.70221 2.50256 0 0 7 556
301 -2.91024 5.40424 0 0 28 590
314 -2.51592 4.43790 0 0 28 590
