13 144 90

# VEHICLES: id start_node end_node capacity max_time
1 289 302 8 441
2 290 303 3 483
3 291 304 8 438
4 292 305 6 552
5 293 306 8 526
6 294 307 6 512
7 295 308 6 426
8 296 309 8 597
9 297 310 6 571
10 298 311 3 420
11 299 312 3 516
12 300 313 3 473
13 301 314 8 505

# NODES: id x y service_time demand tw_start tw_end
1 -2.45395 -2.28553 10 1 138 218
145 4.38355 4.02024 10 -1 0 600
2 -7.52186 -4.67252 10 1 355 415
146 -6.48166 5.26781 10 -1 0 600
3 -8.79908 4.50692 10 1 338 409
147 -1.29427 9.14060 10 -1 0 600
4 5.03376 -3.97923 10 1 111 163
148 -9.46197 0.68608 10 -1 0 600
5 -7.42775 -4.68911 10 1 124 200
149 6.33383 8.92905 10 -1 0 600
6 -3.57556 3.39911 10 1 96 157
150 -4.65116 4.76679 10 -1 0 600
7 9.59678 3.28008 10 1 231 265
151 -2.22207 -2.30117 10 -1 0 600
8 -4.02227 9.75493 10 1 187 229
152 -5.20912 -5.04350 10 -1 0 600
9 5.18021 -1.28282 10 1 184 222
153 8.27314 -9.84393 10 -1 0 600
10 -7.64408 -1.41104 10 1 209 254
154 3.41071 -5.28655 10 -1 0 600
11 -2.51418 -1.23961 10 1 284 336
155 9.56466 -8.96351 10 -1 0 600
12 -9.60782 8.60895 10 1 394 458
156 -4.58483 -8.50780 10 -1 0 600
13 -5.44432 -8.22078 10 1 71 158
157 -2.74147 1.53379 10 -1 0 600
14 -5.37631 -1.31810 10 1 309 371
158 -8.98743 -8.96515 10 -1 0 600
15 8.24246 2.63796 10 1 383 469
159 2.95407 -9.61307 10 -1 0 600
16 -8.03927 8.27406 10 1 220 258
160 -7.84471 -0.73624 10 -1 0 600
17 -6.56559 -2.55969 10 1 65 127
161 6.17398 -6.72115 10 -1 0 600
18 2.12119 -0.00943 10 1 126 202
162 5.78357 8.06757 10 -1 0 600
19 -0.21304 0.38853 10 1 298 351
163 7.94142 2.05376 10 -1 0 600
20 8.15705 0.22168 10 1 237 322
164 3.68231 -0.19819 10 -1 0 600
21 -7.57294 -5.09318 10 1 228 317
165 -9.89581 -8.46021 10 -1 0 600
22 -4.55131 -6.95696 10 1 209 248
166 8.37449 -4.00620 10 -1 0 600
23 6.77268 1.73007 10 1 344 414
167 -7.02563 8.84720 10 -1 0 600
24 -1.51982 -5.83840 10 1 271 342
168 -3.46645 6.02458 10 -1 0 600
25 -2.42157 8.16844 10 1 77 124
169 5.13104 -0.52814 10 -1 0 600
26 2.58967 5.58494 10 1 178 213
170 1.03871 2.22546 10 -1 0 600
27 4.60347 -6.50981 10 1 149 232
171 7.10111 -8.01089 10 -1 0 600
28 -0.41498 -0.30877 10 1 342 376
172 -3.25219 0.05920 10 -1 0 600
29 -8.16128 1.28893 10 1 107 174
173 9.62353 5.33150 10 -1 0 600
30 -0.98866 -2.24369 10 1 191 233
174 2.39584 -2.87047 10 -1 0 600
31 -9.37663 -1.25424 10 1 83 142
175 -3.20315 -5.01182 10 -1 0 600
32 -3.12674 -9.65279 10 1 215 291
176 -5.16457 -3.55573 10 -1 0 600
33 7.66870 1.97812 10 1 146 180
177 -6.93014 2.68832 10 -1 0 600
34 8.36342 3.18948 10 1 61 102
178 0.15148 1.22415 10 -1 0 600
35 3.64094 -0.67220 10 1 298 388
179 -9.23895 -6.46654 10 -1 0 600
36 0.35056 -4.57542 10 1 410 483
180 5.97273 -1.74786 10 -1 0 600
37 -0.98932 1.06436 10 1 132 222
181 8.42786 -8.60508 10 -1 0 600
38 6.49286 -6.20620 10 1 115 145
182 3.28331 4.03207 10 -1 0 600
39 8.07416 -7.79656 10 1 196 260
183 -9.54143 3.45936 10 -1 0 600
40 6.86311 8.32298 10 1 73 122
184 4.47405 0.31921 10 -1 0 600
41 5.20075 -2.08244 10 1 78 143
185 -0.76343 6.20246 10 -1 0 600
42 -6.86230 1.99502 10 1 236 314
186 -4.50380 -2.71884 10 -1 0 600
43 5.57509 4.15692 10 1 311 365
187 8.75674 -2.49400 10 -1 0 600
44 3.54789 6.47695 10 1 227 304
188 6.09047 -5.11502 10 -1 0 600
45 0.71479 -2.73328 10 1 125 204
189 -1.05337 -4.26423 10 -1 0 600
46 -4.90706 -9.17777 10 1 357 396
190 -8.43558 -7.29278 10 -1 0 600
47 -8.83779 -3.75426 10 1 184 253
191 1.58924 -7.69110 10 -1 0 600
48 7.34433 9.38816 10 1 181 225
192 -3.52519 -2.23742 10 -1 0 600
49 8.94358 4.00628 10 1 274 325
193 -4.30733 8.73207 10 -1 0 600
50 -2.70588 -7.09338 10 1 256 289
194 7.25714 -8.46940 10 -1 0 600
51 7.69911 -6.32909 10 1 357 406
195 7.62998 -2.43248 10 -1 0 600
52 -1.94951 -8.31566 10 1 237 276
196 -9.71425 -7.66604 10 -1 0 600
53 -4.49415 -1.96242 10 1 119 163
197 9.49081 0.33724 10 -1 0 600
54 9.99688 9.98658 10 1 77 159
198 4.35930 -9.05203 10 -1 0 600
55 6.14478 9.94644 10 1 150 210
199 -3.95154 -4.61469 10 -1 0 600
56 -2.06093 -8.43870 10 1 79 140
200 -4.18229 4.42146 10 -1 0 600
57 -6.01249 1.31106 10 1 180 265
201 -0.39963 -7.79760 10 -1 0 600
58 3.04831 -3.79857 10 1 153 231
202 -1.38937 -5.42843 10 -1 0 600
59 5.36745 9.25593 10 1 384 437
203 1.66280 -6.48408 10 -1 0 600
60 3.83576 -1.25135 10 1 257 297
204 8.70820 5.81210 10 -1 0 600
61 4.10405 0.92764 10 1 206 240
205 5.09914 -4.52616 10 -1 0 600
62 2.27887 2.22837 10 1 321 411
206 5.73192 0.12951 10 -1 0 600
63 6.04669 0.70289 10 1 72 152
207 -6.53183 2.38390 10 -1 0 600
64 -3.02283 -2.01553 10 1 222 303
208 -8.69239 9.30566 10 -1 0 600
65 6.16821 -9.52628 10 1 232 311
209 -8.07054 0.92370 10 -1 0 600
66 8.14429 -1.10601 10 1 412 485
210 1.84840 -0.17381 10 -1 0 600
67 -0.11736 -1.46268 10 1 276 321
211 3.58987 -5.54262 10 -1 0 600
68 1.06774 -8.28366 10 1 180 266
212 -6.45828 -0.82957 10 -1 0 600
69 5.22995 -9.90697 10 1 81 111
213 -3.37340 -7.75667 10 -1 0 600
70 6.45770 6.86229 10 1 134 211
214 1.51877 -2.03303 10 -1 0 600
71 1.84175 6.39946 10 1 233 273
215 -2.12489 -3.68486 10 -1 0 600
72 9.80079 -2.81216 10 1 187 262
216 1.44717 -9.10778 10 -1 0 600
73 -1.45624 -2.23183 10 1 0 600
217 6.40659 -0.43096 10 -1 478 554
74 -7.69555 -6.67938 10 1 0 600
218 -2.86982 -5.29167 10 -1 476 565
75 -1.66934 -6.09731 10 1 0 600
219 4.81652 -8.31037 10 -1 313 403
76 -7.70131 7.05115 10 1 0 600
220 1.75038 -0.01136 10 -1 515 577
77 8.44167 -1.14594 10 1 0 600
221 2.63639 1.63488 10 -1 278 343
78 -6.31873 -4.35664 10 1 0 600
222 -4.75258 -7.01277 10 -1 217 292
79 -1.03220 -3.03915 10 1 0 600
223 -3.07950 -9.70369 10 -1 495 545
80 -7.79455 5.93691 10 1 0 600
224 1.32802 4.95175 10 -1 536 601
81 7.33926 2.63357 10 1 0 600
225 5.72734 -5.33080 10 -1 459 524
82 -9.06423 -7.91397 10 1 0 600
226 -0.49245 4.74898 10 -1 354 407
83 0.54369 7.82249 10 1 0 600
227 -1.72827 0.03031 10 -1 417 498
84 3.58847 3.33076 10 1 0 600
228 -5.92062 -6.32785 10 -1 366 396
85 2.62210 -0.89545 10 1 0 600
229 -3.91555 0.07869 10 -1 222 260
86 -5.15865 -0.57763 10 1 0 600
230 -2.93732 9.62829 10 -1 436 468
87 -4.47049 4.63020 10 1 0 600
231 9.77823 -2.61141 10 -1 399 480
88 -2.35092 9.56992 10 1 0 600
232 8.78972 6.91633 10 -1 401 431
89 8.90049 -8.83683 10 1 0 600
233 -8.40790 -2.63436 10 -1 448 513
90 0.31385 -3.59452 10 1 0 600
234 -3.12090 -2.63778 10 -1 335 382
91 3.03116 1.51348 10 1 0 600
235 -8.52641 6.46139 10 -1 482 563
92 -2.88824 -4.80749 10 1 0 600
236 -2.63649 7.00003 10 -1 247 284
93 -4.18961 -7.11050 10 1 0 600
237 8.44426 4.09041 10 -1 223 287
94 8.08510 4.37784 10 1 0 600
238 -9.39342 1.81515 10 -1 226 315
95 0.24148 -0.23136 10 1 0 600
239 2.52310 9.31377 10 -1 191 264
96 -2.79402 -4.39824 10 1 0 600
240 -7.62114 -0.23554 10 -1 392 476
97 -7.25721 -6.49110 10 1 0 600
241 -2.02476 -3.02997 10 -1 507 574
98 -2.35312 4.46682 10 1 0 600
242 7.09499 -7.35922 10 -1 371 438
99 -4.13611 4.23206 10 1 0 600
243 2.87980 4.17174 10 -1 238 299
100 3.62102 3.24712 10 1 0 600
244 6.50731 -6.90134 10 -1 192 270
101 -1.78846 8.86592 10 1 0 600
245 -7.40277 -3.68206 10 -1 329 381
102 7.20241 6.06907 10 1 0 600
246 8.80549 -0.56712 10 -1 502 573
103 9.23522 -9.36647 10 1 0 600
247 -1.05052 -1.87731 10 -1 197 267
104 9.66764 -4.60362 10 1 0 600
248 1.95563 -5.57610 10 -1 302 366
105 7.14463 -3.59702 10 1 0 600
249 4.52141 -8.88855 10 -1 216 260
106 9.31576 -3.57500 10 1 0 600
250 -2.97391 5.15085 10 -1 324 401
107 1.57124 -6.83263 10 1 0 600
251 -2.47367 9.37397 10 -1 494 545
108 -9.16496 -3.72945 10 1 0 600
252 5.30822 5.44263 10 -1 353 398
109 -7.77878 -0.57518 10 1 0 600
253 5.18386 0.22348 10 -1 269 345
110 2.30874 2.39746 10 1 0 600
254 -1.01577 8.63330 10 -1 240 319
111 -3.28636 -6.52076 10 1 0 600
255 -9.96254 9.82486 10 -1 257 317
112 1.16877 2.17978 10 1 0 600
256 -8.28880 9.56617 10 -1 265 352
113 7.50441 0.80728 10 1 0 600
257 1.33230 -7.78848 10 -1 421 489
114 -9.85203 -5.51170 10 1 0 600
258 -8.69970 5.09788 10 -1 351 438
115 -4.92967 5.52892 10 1 0 600
259 -9.37178 0.37170 10 -1 249 337
116 4.11929 1.74248 10 1 0 600
260 8.63038 9.24556 10 -1 440 521
117 4.30002 8.23023 10 1 0 600
261 -7.41009 -2.36307 10 -1 321 381
118 -2.82816 8.97550 10 1 0 600
262 4.28193 -3.10357 10 -1 191 223
119 -2.39388 1.05355 10 1 0 600
263 0.28222 -4.41195 10 -1 218 275
120 -2.40334 0.61898 10 1 0 600
264 -4.92756 6.98819 10 -1 516 564
121 -4.94744 -0.79014 10 1 0 600
265 -6.40303 -7.83352 10 -1 487 526
122 -8.65132 -2.26961 10 1 0 600
266 -8.77273 -0.82939 10 -1 278 339
123 -9.03735 9.18035 10 1 0 600
267 -9.67546 7.46484 10 -1 465 505
124 -4.91745 -7.33725 10 1 0 600
268 -8.73864 -4.24074 10 -1 381 449
125 -6.68147 -1.21208 10 1 0 600
269 -7.77063 6.28834 10 -1 341 386
126 0.04335 -2.27145 10 1 0 600
270 -1.35816 -6.00711 10 -1 424 484
127 1.19332 4.81572 10 1 0 600
271 4.70483 6.26480 10 -1 395 434
128 2.58516 8.16939 10 1 0 600
272 2.30013 -3.58376 10 -1 209 254
129 5.04483 3.44312 10 1 0 600
273 5.16509 -7.00786 10 -1 498 565
130 -1.55220 -0.87620 10 1 0 600
274 -7.36031 6.87723 10 -1 346 430
131 3.48343 2.27257 10 1 0 600
275 4.65319 8.85783 10 -1 540 620
132 4.51703 -6.90000 10 1 0 600
276 3.79482 1.87365 10 -1 219 260
133 0.54462 -3.39273 10 1 0 600
277 6.96803 3.88647 10 -1 292 338
134 -1.50057 -6.25630 10 1 0 600
278 -4.50037 -7.40762 10 -1 199 274
135 9.04833 -4.75541 10 1 0 600
279 4.84806 6.81685 10 -1 304 363
136 -6.57476 8.21097 10 1 0 600
280 -6.99481 -6.78207 10 -1 484 547
137 -6.99080 -7.83604 10 1 0 600
281 5.56085 -0.01385 10 -1 415 471
138 -2.42055 -2.77691 10 1 0 600
282 7.59921 5.29827 10 -1 469 521
139 -6.14721 -4.12027 10 1 0 600
283 -9.77629 7.23891 10 -1 378 426
140 -4.11948 6.88502 10 1 0 600
284 5.86056 -3.86929 10 -1 208 242
141 1.07151 6.66711 10 1 0 600
285 9.69228 5.97965 10 -1 358 392
142 -7.60186 2.98917 10 1 0 600
286 -7.81696 -5.35428 10 -1 212 295
143 4.40364 -2.37351 10 1 0 600
287 -2.16974 -2.73524 10 -1 465 512
144 1.30387 -1.76550 10 1 0 600
288 1.44236 9.44552 10 -1 263 305
289 5.92144 1.57576 0 0 15 561
302 -1.32067 2.37035 0 0 15 561
290 7.20597 7.46803 0 0 57 554
303 0.84890 1.16554 0 0 57 554
291 4.00624 0.57663 0 0 56 560
304 -1.36224 -1.51866 0 0 56 560
292 -5.23477 -7.39424 0 0 45 596
305 -5.56104 0.85686 0 0 45 596
293 -5.07119 -5.61445 0 0 42 564
306 0.31812 3.38676 0 0 42 564
294 -1.83433 3.11371 0 0 17 553
307 -1.60124 -2.47253 0 0 17 553
295 6.37449 -2.42513 0 0 58 554
308 5.28499 -4.60949 0 0 58 554
296 5.85400 6.71568 0 0 43 584
309 3.81650 -6.31184 0 0 43 584
297 5.06019 -3.78422 0 0 1 541
310 -1.81262 -6.69059 0 0 1 541
298 4.63091 6.17181 0 0 44 579
311 6.67936 6.42632 0 0 44 579
299 6.49958 5.67155 0 0 24 592
312 -5.38825 2.47636 0 0 24 592
300 -0.34989 -6.93275 0 0 46 578
313 6.29008 -4.88247 0 0 46 578
301 2.89756 3.44353 0 0 36 550
314 -6.38345 -5.54256 0 0 36 550
