4 36 90

# VEHICLES: id start_node end_node capacity max_time
1 73 77 6 508
2 74 78 3 600
3 75 79 3 423
4 76 80 6 436

# NODES: id x y service_time demand tw_start tw_end
1 4.52138 -2.94624 10 1 205 248
37 4.26977 1.57064 10 -1 0 600
2 6.93934 -7.75101 10 1 351 369
38 0.65381 -3.33328 10 -1 0 600
3 -8.04183 0.51399 10 1 226 250
39 5.41176 5.14500 10 -1 0 600
4 5.25172 -7.33286 10 1 229 254
40 6.36614 6.62548 10 -1 0 600
5 -2.50750 -6.83597 10 1 343 385
41 8.38879 4.93123 10 -1 0 600
6 6.56397 2.53405 10 1 402 432
42 -3.22752 3.39889 10 -1 0 600
7 -6.71133 -9.54813 10 1 401 421
43 -9.34161 3.96950 10 -1 0 600
8 0.97187 2.57013 10 1 207 243
44 -5.72697 0.10499 10 -1 0 600
9 7.18176 9.20351 10 1 305 343
45 -5.08473 9.72478 10 -1 0 600
10 8.41981 -5.73501 10 1 380 424
46 -7.60899 -8.58990 10 -1 0 600
11 1.91322 -1.01382 10 1 404 440
47 -2.40469 4.43637 10 -1 0 600
12 4.10353 -1.53838 10 1 106 147
48 -1.45589 -4.31843 10 -1 0 600
13 -2.64745 -8.02050 10 1 73 109
49 5.84405 -2.62022 10 -1 0 600
14 -0.66226 7.51029 10 1 336 375
50 9.23978 9.89387 10 -1 0 600
15 -5.88814 -7.07599 10 1 189 221
51 -7.81765 -2.12560 10 -1 0 600
16 -2.33593 1.13449 10 1 218 263
52 -5.98386 -2.50713 10 -1 0 600
17 -1.25456 9.91766 10 1 303 319
53 1.12209 -1.08429 10 -1 0 600
18 7.24651 -2.40169 10 1 149 187
54 -3.15351 5.98734 10 -1 0 600
19 6.58637 -5.13355 10 1 0 600
55 -2.17844 7.19897 10 -1 527 567
20 -0.86269 6.03906 10 1 0 600
56 2.64508 4.26121 10 -1 182 205
21 -1.51696 -5.03537 10 1 0 600
57 -1.55162 -4.14214 10 -1 230 262
22 -6.01520 -2.77827 10 1 0 600
58 -3.52887 -2.72560 10 -1 375 393
23 -9.79091 2.92082 10 1 0 600
59 0.34986 -0.76319 10 -1 462 499
24 -8.70782 -9.47670 10 1 0 600
60 8.51567 -7.18819 10 -1 378 399
25 -1.35715 8.80477 10 1 0 600
61 -0.38798 -5.39972 10 -1 459 481
26 -5.42115 3.89065 10 1 0 600
62 3.48722 9.11865 10 -1 244 278
27 5.66961 -5.91866 10 1 0 600
63 -4.91531 7.08278 10 -1 449 486
28 9.63305 0.09003 10 1 0 600
64 8.02843 7.83219 10 -1 328 357
29 0.22035 -8.03735 10 1 0 600
65 -8.02955 -3.52572 10 -1 232 252
30 -0.49786 2.94725 10 1 0 600
66 -1.23432 3.51056 10 -1 469 503
31 -9.83638 7.18007 10 1 0 600
67 1.22040 -2.23813 10 -1 402 418
32 4.21188 -4.82504 10 1 0 600
68 9.00202 -1.31706 10 -1 383 415
33 6.50749 -7.05989 10 1 0 600
69 5.56175 2.08369 10 -1 422 464
34 -9.68647 -2.51025 10 1 0 600
70 -5.84755 8.83116 10 -1 372 410
35 -8.04580 9.58454 10 1 0 600
71 5.35148 4.82684 10 -1 324 357
36 -9.45852 -2.63961 10 1 0 600
72 3.28776 -3.21489 10 -1 482 511
73 -2.43616 -5.56225 0 0 60 590
77 5.84164 -6.30184 0 0 60 590
74 1.07252 -4.64333 0 0 57 542
78 2.36731 -3.12982 0 0 57 542
75 -3.88233 -1.96138 0 0 4 584
79 -0.92693 4.40664 0 0 4 584
76 5.76180 3.67882 0 0 44 590
80 -7.48898 -0.81311 0 0 44 590
