4 36 90

# VEHICLES: id start_node end_node capacity max_time
1 73 77 8 475
2 74 78 6 543
3 75 79 3 597
4 76 80 3 558

# NODES: id x y service_time demand tw_start tw_end
1 -5.62291 3.89749 10 1 196 229
37 1.62985 9.63435 10 -1 0 600
2 -0.50377 7.45078 10 1 137 221
38 -7.21513 1.90785 10 -1 0 600
3 0.24758 -9.88503 10 1 263 318
39 2.94820 -8.88687 10 -1 0 600
4 6.29978 -9.85781 10 1 64 100
40 1.30365 -0.14099 10 -1 0 600
5 3.24631 4.30169 10 1 131 219
41 9.79856 2.37800 10 -1 0 600
6 -9.35760 -1.17312 10 1 272 308
42 -9.99406 7.63427 10 -1 0 600
7 -0.45467 -5.07952 10 1 284 343
43 -0.04834 -6.76736 10 -1 0 600
8 -1.34420 -3.32976 10 1 158 227
44 -6.01008 0.51112 10 -1 0 600
9 -5.37492 3.73332 10 1 300 349
45 -2.41993 -3.64138 10 -1 0 600
10 2.76671 4.03532 10 1 372 451
46 9.56812 -1.98510 10 -1 0 600
11 7.60376 -7.57037 10 1 405 444
47 4.64457 -6.77711 10 -1 0 600
12 0.90726 9.98355 10 1 163 229
48 3.79021 -4.37897 10 -1 0 600
13 -6.28698 -1.73877 10 1 179 267
49 -6.48636 5.55077 10 -1 0 600
14 -0.30977 6.51893 10 1 409 442
50 3.97873 9.21279 10 -1 0 600
15 -2.18350 7.91636 10 1 366 441
51 -3.08258 3.70886 10 -1 0 600
16 5.21279 5.88795 10 1 312 354
52 0.65031 8.49444 10 -1 0 600
17 -8.73131 0.00139 10 1 76 165
53 2.50893 -5.53788 10 -1 0 600
18 -8.21529 -2.53640 10 1 189 234
54 -7.35821 9.26763 10 -1 0 600
19 -7.04743 -0.17803 10 1 0 600
55 7.67561 7.12566 10 -1 244 302
20 -2.61592 9.83624 10 1 0 600
56 -3.44624 6.13946 10 -1 400 449
21 0.62720 -7.52474 10 1 0 600
57 2.85068 0.84179 10 -1 448 520
22 -8.35114 6.85664 10 1 0 600
58 -8.62175 -4.69201 10 -1 448 498
23 -5.67580 3.33373 10 1 0 600
59 -7.60922 3.50802 10 -1 203 234
24 0.13280 0.85798 10 1 0 600
60 5.69663 7.94736 10 -1 297 373
25 0.24393 1.52081 10 1 0 600
61 -6.28645 -2.45847 10 -1 394 430
26 4.06297 -7.72685 10 1 0 600
62 -3.20346 -0.65768 10 -1 500 574
27 6.25219 -0.82365 10 1 0 600
63 -1.26381 6.22186 10 -1 470 544
28 -8.15242 3.88280 10 1 0 600
64 0.53576 -7.83983 10 -1 309 390
29 -7.31562 6.26890 10 1 0 600
65 4.89069 2.22263 10 -1 374 439
30 -4.00734 4.48994 10 1 0 600
66 -7.50048 9.87436 10 -1 350 423
31 3.88116 -7.34188 10 1 0 600
67 6.17686 -1.91463 10 -1 317 363
32 -9.09160 3.66106 10 1 0 600
68 6.31529 1.67198 10 -1 505 551
33 0.93711 3.41585 10 1 0 600
69 5.75987 0.34054 10 -1 488 532
34 9.79662 3.61120 10 1 0 600
70 -1.33751 6.91972 10 -1 281 349
35 -5.11211 5.04681 10 1 0 600
71 -3.06649 5.07056 10 -1 234 275
36 -7.42498 3.38599 10 1 0 600
72 -0.41495 1.00370 10 -1 206 283
73 -2.14978 -2.94756 0 0 42 550
77 -5.99411 -2.90419 0 0 42 550
74 5.81427 -3.39328 0 0 7 595
78 -4.78043 -7.31264 0 0 7 595
75 -6.89182 -6.10392 0 0 29 550
79 -6.59022 2.41971 0 0 29 550
76 6.96391 2.82387 0 0 11 579
80 7.11962 -0.25070 0 0 11 579
