6 72 90

# VEHICLES: id start_node end_node capacity max_time
1 145 151 8 562
2 146 152 8 543
3 147 153 3 493
4 148 154 8 558
5 149 155 8 434
6 150 156 6 520

# NODES: id x y service_time demand tw_start tw_end
1 4.74728 8.57356 10 1 138 169
73 -3.12064 9.39926 10 -1 0 600
2 -1.04940 -9.68939 10 1 184 219
74 -9.96362 -1.66470 10 -1 0 600
3 6.77283 -4.28171 10 1 114 145
75 -4.81321 7.57402 10 -1 0 600
4 -9.53039 5.58714 10 1 87 132
76 -9.55339 1.79950 10 -1 0 600
5 3.66772 2.64649 10 1 310 349
77 8.57483 7.91829 10 -1 0 600
6 9.12429 4.18554 10 1 206 227
78 3.16886 3.49791 10 -1 0 600
7 8.93917 0.17422 10 1 230 254
79 5.87221 -6.73508 10 -1 0 600
8 -1.47408 -5.06114 10 1 243 268
80 -2.22096 -2.85251 10 -1 0 600
9 -4.98300 6.30382 10 1 234 273
81 7.84373 9.11239 10 -1 0 600
10 -8.82785 -5.19074 10 1 237 266
82 6.10202 -5.67544 10 -1 0 600
11 5.97094 -4.87647 10 1 135 162
83 -0.00423 -7.84445 10 -1 0 600
12 -0.65134 5.78023 10 1 299 322
84 -1.95125 -3.04943 10 -1 0 600
13 -2.23416 -5.76036 10 1 286 331
85 4.35070 -7.18703 10 -1 0 600
14 -3.04362 -4.66158 10 1 398 428
86 -5.28923 5.31209 10 -1 0 600
15 2.74002 1.59359 10 1 178 208
87 -3.98100 9.85723 10 -1 0 600
16 2.37907 -1.91468 10 1 420 450
88 3.20919 2.68364 10 -1 0 600
17 -6.44660 4.36761 10 1 358 376
89 -2.96810 -6.37966 10 -1 0 600
18 -6.23380 0.73577 10 1 252 293
90 -5.28092 -2.12193 10 -1 0 600
19 -9.53322 5.23398 10 1 217 235
91 9.25568 3.46234 10 -1 0 600
20 -8.89587 9.83577 10 1 363 379
92 1.11183 -0.20831 10 -1 0 600
21 9.20223 6.79630 10 1 78 121
93 -0.11208 1.77306 10 -1 0 600
22 8.76294 6.84934 10 1 88 115
94 6.20167 -8.47865 10 -1 0 600
23 3.47594 -9.74170 10 1 213 239
95 -0.99331 -7.78936 10 -1 0 600
24 -7.49967 -5.18531 10 1 366 405
96 9.82090 -4.61548 10 -1 0 600
25 -0.83725 -4.59160 10 1 304 345
97 -3.41991 9.15078 10 -1 0 600
26 5.97159 8.30154 10 1 174 203
98 5.51238 -9.24573 10 -1 0 600
27 6.40465 -2.09268 10 1 335 370
99 -8.13559 -6.98784 10 -1 0 600
28 -6.46135 4.16642 10 1 144 186
100 -8.84053 -3.18087 10 -1 0 600
29 -8.99111 -6.53179 10 1 400 430
101 -2.11788 -0.95016 10 -1 0 600
30 -8.00460 -0.99121 10 1 62 99
102 -3.70057 3.17122 10 -1 0 600
31 0.52068 -1.51720 10 1 370 391
103 -1.66926 9.75963 10 -1 0 600
32 -1.83537 -3.20672 10 1 144 170
104 -3.06480 8.43376 10 -1 0 600
33 6.33817 6.99282 10 1 340 378
105 -7.06521 4.01436 10 -1 0 600
34 -7.08776 -9.80604 10 1 287 307
106 3.43808 5.54962 10 -1 0 600
35 -8.85138 -6.39864 10 1 409 438
107 0.81335 6.37777 10 -1 0 600
36 -1.62266 0.12449 10 1 189 210
108 -4.76219 -2.14249 10 -1 0 600
37 -8.43858 -3.77136 10 1 0 600
109 6.73044 -8.48374 10 -1 413 454
38 -1.40677 -6.75682 10 1 0 600
110 6.61362 8.33928 10 -1 377 417
39 -2.79009 7.33522 10 1 0 600
111 2.72873 -5.32894 10 -1 405 433
40 6.10008 -6.73066 10 1 0 600
112 -0.02237 -8.23369 10 -1 255 294
41 -2.34584 3.71147 10 1 0 600
113 2.68996 -7.30526 10 -1 290 314
42 5.17329 -8.61049 10 1 0 600
114 -3.17781 3.86685 10 -1 308 353
43 -1.04185 5.03831 10 1 0 600
115 -9.48903 3.87952 10 -1 296 335
44 -9.99291 4.22946 10 1 0 600
116 1.18619 8.02906 10 -1 360 390
45 2.38399 7.45721 10 1 0 600
117 -8.61078 -4.29243 10 -1 539 582
46 -2.75037 -3.27513 10 1 0 600
118 -2.02548 -2.02478 10 -1 257 276
47 1.00023 6.98890 10 1 0 600
119 -6.41875 6.04025 10 -1 488 526
48 -6.16842 -4.75737 10 1 0 600
120 9.84018 7.41242 10 -1 476 520
49 -5.28737 -7.38699 10 1 0 600
121 7.67846 8.54131 10 -1 352 378
50 -9.38820 9.98025 10 1 0 600
122 -6.82635 -7.66333 10 -1 448 477
51 -3.96477 2.87077 10 1 0 600
123 -0.01601 -9.58295 10 -1 527 560
52 1.94974 -6.46798 10 1 0 600
124 9.04379 5.20538 10 -1 304 331
53 8.78072 0.61200 10 1 0 600
125 9.63248 -8.60180 10 -1 338 380
54 -3.92189 -7.89478 10 1 0 600
126 -8.68711 2.94679 10 -1 465 501
55 7.42317 8.05723 10 1 0 600
127 -2.08972 5.18768 10 -1 313 354
56 -6.54178 4.53038 10 1 0 600
128 -4.34951 -0.79656 10 -1 494 525
57 5.45455 -5.30206 10 1 0 600
129 1.74551 -7.09837 10 -1 320 355
58 -9.01709 0.01555 10 1 0 600
130 4.59391 -2.57530 10 -1 533 563
59 -4.19437 -8.43880 10 1 0 600
131 3.48438 4.23438 10 -1 284 329
60 -4.13757 -4.38168 10 1 0 600
132 -6.29190 -5.17574 10 -1 470 492
61 -2.47756 -3.68913 10 1 0 600
133 5.26162 2.87707 10 -1 444 459
62 3.07180 9.30201 10 1 0 600
134 -7.47348 5.04663 10 -1 336 371
63 -8.99514 6.30901 10 1 0 600
135 -2.85196 -8.64859 10 -1 454 491
64 -7.62609 9.97606 10 1 0 600
136 -9.60224 9.04468 10 -1 532 548
65 -7.96529 -0.07928 10 1 0 600
137 -4.78825 -0.16483 10 -1 331 372
66 0.25697 7.08361 10 1 0 600
138 -2.25390 7.09936 10 -1 218 250
67 -5.91886 -0.00162 10 1 0 600
139 -5.64610 -2.02954 10 -1 199 219
68 -1.22006 4.87763 10 1 0 600
140 5.83799 2.25472 10 -1 530 564
69 -9.93544 7.51503 10 1 0 600
141 3.11453 -2.65385 10 -1 199 220
70 8.75382 -8.31045 10 1 0 600
142 7.48599 1.33175 10 -1 224 260
71 4.85365 7.96007 10 1 0 600
143 8.92097 8.15559 10 -1 511 555
72 -3.21076 -0.27119 10 1 0 600
144 -3.71610 8.63515 10 -1 269 302
145 1.85183 -3.84907 0 0 11 588
151 -2.99783 2.42962 0 0 11 588
146 -3.23650 5.42643 0 0 25 563
152 -2.37220 6.51451 0 0 25 563
147 5.94873 -3.37641 0 0 4 585
153 4.78618 1.52559 0 0 4 585
148 6.72495 4.59336 0 0 17 580
154 2.97681 -4.25056 0 0 17 580
149 4.18809 5.11607 0 0 30 548
155 2.50077 6.09465 0 0 30 548
150 3.33255 -1.26835 0 0 7 577
156 -2.11183 2.36469 0 0 7 577
