6 72 90

# VEHICLES: id start_node end_node capacity max_time
1 145 151 6 421
2 146 152 8 499
3 147 153 6 479
4 148 154 8 512
5 149 155 3 442
6 150 156 6 558

# NODES: id x y service_time demand tw_start tw_end
1 -5.29641 -4.69732 10 1 231 272
73 -0.78064 -3.87870 10 -1 0 600
2 7.83027 9.38732 10 1 300 379
74 6.18686 -3.33690 10 -1 0 600
3 -1.44982 3.49496 10 1 369 427
75 2.02560 -9.01035 10 -1 0 600
4 7.77385 7.57585 10 1 250 300
76 5.71564 5.71185 10 -1 0 600
5 -2.10820 -0.35648 10 1 351 383
77 8.13772 8.94258 10 -1 0 600
6 -4.00360 7.11046 10 1 250 301
78 -0.91280 6.04495 10 -1 0 600
7 -5.71661 9.29030 10 1 154 212
79 -1.43086 6.44124 10 -1 0 600
8 8.86579 -5.76788 10 1 252 315
80 9.34472 -9.64227 10 -1 0 600
9 -6.24940 7.77869 10 1 281 316
81 -8.66292 9.07072 10 -1 0 600
10 -2.67616 -0.21594 10 1 345 384
82 -4.94283 9.98661 10 -1 0 600
11 2.58972 5.53853 10 1 148 181
83 7.50768 6.98241 10 -1 0 600
12 -7.67531 6.03634 10 1 185 271
84 6.68981 -6.48390 10 -1 0 600
13 -2.20817 -0.41921 10 1 162 201
85 -1.94877 -3.23226 10 -1 0 600
14 -7.99069 -6.22794 10 1 143 184
86 8.86052 -3.62521 10 -1 0 600
15 2.00289 -1.72690 10 1 139 182
87 4.19235 2.81501 10 -1 0 600
16 -9.74504 4.98124 10 1 404 467
88 -6.74814 -4.38902 10 -1 0 600
17 -4.92525 -5.72711 10 1 76 137
89 7.60404 8.40493 10 -1 0 600
18 -0.08323 5.55345 10 1 111 154
90 -8.41230 2.33603 10 -1 0 600
19 7.92885 -2.26211 10 1 131 161
91 7.58580 2.74741 10 -1 0 600
20 8.92123 8.99464 10 1 412 463
92 0.81589 1.94183 10 -1 0 600
21 -4.47733 4.74143 10 1 60 106
93 3.84960 9.32812 10 -1 0 600
22 -9.89170 -9.66763 10 1 389 448
94 -2.14841 -0.15393 10 -1 0 600
23 -6.03798 -7.36967 10 1 312 383
95 6.60761 8.29213 10 -1 0 600
24 -6.71377 6.40943 10 1 112 165
96 4.91350 -3.59312 10 -1 0 600
25 -7.15511 -8.93418 10 1 228 263
97 6.85743 1.32104 10 -1 0 600
26 0.98605 -3.41855 10 1 132 164
98 6.83315 -6.21432 10 -1 0 600
27 -0.38422 -1.80728 10 1 249 323
99 -9.26124 -7.47326 10 -1 0 600
28 -7.48075 4.63154 10 1 198 241
100 0.23602 2.11967 10 -1 0 600
29 -1.06451 3.19750 10 1 155 221
101 6.18750 2.14230 10 -1 0 600
30 -1.01734 -6.82037 10 1 145 197
102 7.02953 5.81766 10 -1 0 600
31 -5.38293 -6.10541 10 1 299 383
103 -2.53005 -8.90348 10 -1 0 600
32 -2.59345 -6.85696 10 1 293 328
104 1.75357 9.00018 10 -1 0 600
33 7.86071 9.25611 10 1 155 230
105 5.63133 5.18910 10 -1 0 600
34 5.62827 -8.08142 10 1 309 370
106 9.23356 -9.63188 10 -1 0 600
35 5.67715 -9.82287 10 1 82 150
107 6.84738 3.40250 10 -1 0 600
36 -7.35047 6.88304 10 1 158 193
108 5.99583 2.86290 10 -1 0 600
37 -2.17230 -2.08092 10 1 0 600
109 1.91172 1.32750 10 -1 442 476
38 -0.04307 -6.47799 10 1 0 600
110 -8.01060 -5.20368 10 -1 518 581
39 -0.56520 4.91249 10 1 0 600
111 -1.22675 -2.44411 10 -1 225 270
40 8.14076 -6.09434 10 1 0 600
112 8.90057 -0.06377 10 -1 388 474
41 8.17896 6.83900 10 1 0 600
113 -6.34378 0.70613 10 -1 499 537
42 8.30354 -4.95606 10 1 0 600
114 -9.02676 -4.07039 10 -1 190 268
43 4.24228 7.37657 10 1 0 600
115 -4.14665 -5.82418 10 -1 452 495
44 1.02006 -4.89295 10 1 0 600
116 -6.85593 -4.90522 10 -1 266 306
45 0.81249 -4.88854 10 1 0 600
117 0.27866 4.07172 10 -1 354 424
46 -3.68716 -2.74280 10 1 0 600
118 -8.93924 -7.33231 10 -1 345 430
47 -1.84295 -8.08935 10 1 0 600
119 -9.39874 -8.83711 10 -1 400 487
48 8.31055 1.73270 10 1 0 600
120 -1.69302 2.76060 10 -1 381 421
49 -2.64641 -9.66184 10 1 0 600
121 4.35242 -8.60608 10 -1 221 261
50 -5.32999 -8.37435 10 1 0 600
122 -3.09249 -4.38970 10 -1 191 270
51 -1.01229 9.48383 10 1 0 600
123 6.84709 3.00555 10 -1 348 438
52 0.93966 -1.98610 10 1 0 600
124 -1.44882 -4.22091 10 -1 200 259
53 -0.36684 5.09575 10 1 0 600
125 5.48406 -1.55579 10 -1 235 300
54 -6.17097 5.96916 10 1 0 600
126 -1.12334 -8.04984 10 -1 297 327
55 -2.62523 6.77507 10 1 0 600
127 5.04077 -7.84500 10 -1 293 375
56 -6.76541 -8.62844 10 1 0 600
128 -6.74976 -5.44331 10 -1 272 342
57 9.94505 8.52428 10 1 0 600
129 -4.12300 7.23256 10 -1 305 350
58 -6.99393 -0.00759 10 1 0 600
130 5.23038 -6.17066 10 -1 490 525
59 -8.53728 4.31148 10 1 0 600
131 -3.47707 8.05958 10 -1 180 219
60 6.09935 8.51776 10 1 0 600
132 -5.15020 3.75165 10 -1 327 387
61 -8.12898 -9.83528 10 1 0 600
133 -1.72150 -3.80801 10 -1 234 272
62 8.96876 1.61116 10 1 0 600
134 7.55932 1.34431 10 -1 384 431
63 -7.74016 -5.16947 10 1 0 600
135 0.01973 -7.58307 10 -1 369 410
64 8.12563 -9.74159 10 1 0 600
136 -7.41626 -9.78788 10 -1 405 476
65 -4.22984 -8.45710 10 1 0 600
137 8.70107 8.03528 10 -1 263 323
66 8.60527 -6.27440 10 1 0 600
138 6.61336 7.02289 10 -1 236 306
67 1.33470 -5.90226 10 1 0 600
139 -0.82590 0.93168 10 -1 216 256
68 -7.83165 8.30074 10 1 0 600
140 2.92745 -9.83696 10 -1 494 568
69 -3.93945 0.37007 10 1 0 600
141 1.05237 -4.29390 10 -1 201 241
70 0.92017 -7.45795 10 1 0 600
142 0.58521 -9.19305 10 -1 467 549
71 6.83011 4.48128 10 1 0 600
143 -4.55266 -7.33573 10 -1 183 257
72 -4.72841 2.21470 10 1 0 600
144 -7.15358 -2.59738 10 -1 285 338
145 -4.20940 -0.20398 0 0 52 562
151 1.15812 6.00691 0 0 52 562
146 -6.87735 -5.86425 0 0 57 596
152 7.47140 -6.16548 0 0 57 596
147 -3.85368 -4.53108 0 0 5 577
153 -7.16325 -3.41200 0 0 5 577
148 7.14067 -4.36878 0 0 60 564
154 -0.27847 6.44346 0 0 60 564
149 -7.19383 1.02252 0 0 1 597
155 3.17226 4.35839 0 0 1 597
150 4.15879 -3.49861 0 0 19 562
156 0.99226 -1.27651 0 0 19 562
