10 108 90

# VEHICLES: id start_node end_node capacity max_time
1 217 227 6 423
2 218 228 6 430
3 219 229 8 543
4 220 230 6 566
5 221 231 8 475
6 222 232 3 430
7 223 233 8 491
8 224 234 3 581
9 225 235 6 429
10 226 236 8 495

# NODES: id x y service_time demand tw_start tw_end
1 7.25353 -2.40750 10 1 326 360
109 1.04158 5.35086 10 -1 0 600
2 -2.27268 -0.52541 10 1 162 180
110 -6.51939 -6.09039 10 -1 0 600
3 4.54470 -8.40443 10 1 236 259
111 8.87923 -0.59515 10 -1 0 600
4 4.96803 1.52838 10 1 385 407
112 7.50634 5.82076 10 -1 0 600
5 5.22477 -6.14580 10 1 382 420
113 7.46894 5.63123 10 -1 0 600
6 8.51140 5.32497 10 1 92 115
114 9.09518 3.86303 10 -1 0 600
7 -0.90581 5.81328 10 1 220 260
115 6.16541 -7.11107 10 -1 0 600
8 -0.26031 1.71720 10 1 79 121
116 5.02119 -2.83140 10 -1 0 600
9 9.26482 5.20607 10 1 244 268
117 5.31110 5.56934 10 -1 0 600
10 6.19179 -4.78356 10 1 149 186
118 4.34021 5.89476 10 -1 0 600
11 9.71206 -8.25607 10 1 126 145
119 -7.21765 0.37355 10 -1 0 600
12 -3.73794 8.92803 10 1 417 444
120 -6.91376 -4.41336 10 -1 0 600
13 -0.69090 6.39315 10 1 150 195
121 -0.39291 -0.04009 10 -1 0 600
14 4.72732 -3.40995 10 1 244 260
122 2.85892 5.57940 10 -1 0 600
15 -8.12811 -8.81693 10 1 327 343
123 0.61873 8.83781 10 -1 0 600
16 -8.00879 -3.72712 10 1 60 96
124 -9.87192 -0.79140 10 -1 0 600
17 8.44654 -9.78489 10 1 353 381
125 -7.95461 6.75610 10 -1 0 600
18 -1.18637 -1.55408 10 1 118 145
126 1.12784 -9.75564 10 -1 0 600
19 -2.06605 6.70044 10 1 243 285
127 -8.85964 5.07749 10 -1 0 600
20 8.64310 2.77200 10 1 85 111
128 -1.55575 7.34793 10 -1 0 600
21 -6.81723 -7.06814 10 1 311 330
129 2.16329 5.43066 10 -1 0 600
22 6.59386 -3.85947 10 1 62 101
130 9.81033 -0.22825 10 -1 0 600
23 5.08823 -6.22025 10 1 390 414
131 -7.49146 -9.38928 10 -1 0 600
24 2.23619 -0.86227 10 1 91 129
132 -4.52273 1.94514 10 -1 0 600
25 5.26610 -6.88442 10 1 385 417
133 3.73231 5.75141 10 -1 0 600
26 -2.34753 -2.66354 10 1 272 299
134 0.73609 -4.07944 10 -1 0 600
27 -2.30602 -0.95338 10 1 306 350
135 -3.20249 -9.96115 10 -1 0 600
28 -7.80391 -6.40273 10 1 165 190
136 -3.24295 9.43259 10 -1 0 600
29 5.64024 -1.24456 10 1 311 347
137 2.42638 1.90389 10 -1 0 600
30 -1.75680 -9.21138 10 1 420 463
138 4.73419 3.69961 10 -1 0 600
31 2.66037 -2.40772 10 1 160 195
139 9.10714 1.90841 10 -1 0 600
32 -0.60861 9.24491 10 1 362 388
140 8.93088 -0.84252 10 -1 0 600
33 4.59068 9.66614 10 1 381 396
141 -3.89685 -4.18760 10 -1 0 600
34 -4.83091 -2.17899 10 1 112 150
142 8.10811 -5.38587 10 -1 0 600
35 4.23280 -5.58161 10 1 152 187
143 -5.16362 7.92401 10 -1 0 600
36 -8.91442 -5.92493 10 1 260 300
144 -8.62959 -0.67227 10 -1 0 600
37 -0.76395 7.31217 10 1 386 419
145 -4.03681 -6.88800 10 -1 0 600
38 6.60214 1.72769 10 1 107 148
146 5.44761 9.44520 10 -1 0 600
39 5.05305 3.77400 10 1 125 140
147 3.36331 4.44032 10 -1 0 600
40 -4.22952 0.30442 10 1 85 107
148 -0.90511 -7.49043 10 -1 0 600
41 -5.74916 -7.49585 10 1 384 423
149 3.44601 -6.01776 10 -1 0 600
42 8.78403 4.90054 10 1 184 204
150 -0.97792 3.00020 10 -1 0 600
43 1.78871 -8.07870 10 1 261 281
151 -5.51974 -3.07537 10 -1 0 600
44 6.20763 8.70475 10 1 192 236
152 -8.07607 -6.86276 10 -1 0 600
45 3.35020 7.85181 10 1 86 121
153 4.10715 1.88481 10 -1 0 600
46 7.12369 6.55805 10 1 119 135
154 1.83685 -3.01304 10 -1 0 600
47 8.69157 -9.42998 10 1 197 239
155 -6.37704 5.93431 10 -1 0 600
48 -9.97907 6.28454 10 1 346 369
156 1.44753 -2.83956 10 -1 0 600
49 3.34249 -7.24216 10 1 101 140
157 -5.13668 8.86721 10 -1 0 600
50 1.56344 8.51557 10 1 128 150
158 5.12985 -4.40674 10 -1 0 600
51 -7.37952 3.88407 10 1 402 417
159 9.36680 -3.86627 10 -1 0 600
52 1.15577 8.14521 10 1 77 113
160 9.51188 -1.63689 10 -1 0 600
53 -0.69339 5.56341 10 1 83 123
161 -0.48876 -1.85425 10 -1 0 600
54 8.94510 1.66093 10 1 333 365
162 -6.50382 8.70843 10 -1 0 600
55 2.03119 -3.85992 10 1 0 600
163 3.47307 3.64210 10 -1 526 544
56 4.00432 6.58438 10 1 0 600
164 -7.84276 -2.02601 10 -1 431 456
57 2.65937 -2.58638 10 1 0 600
165 -6.06311 6.07568 10 -1 465 496
58 2.67023 9.18436 10 1 0 600
166 5.63519 -6.25080 10 -1 334 349
59 1.13405 1.30891 10 1 0 600
167 1.11257 -4.16390 10 -1 189 228
60 1.38025 -5.74240 10 1 0 600
168 -1.92200 8.45509 10 -1 249 287
61 1.42385 -3.59721 10 1 0 600
169 -5.98654 -8.24186 10 -1 224 261
62 5.29992 7.26935 10 1 0 600
170 -3.63984 4.24549 10 -1 420 453
63 -4.57333 4.65711 10 1 0 600
171 -6.10783 -5.90215 10 -1 451 485
64 7.77857 0.21880 10 1 0 600
172 -8.77734 3.35571 10 -1 309 325
65 -6.33510 -2.73795 10 1 0 600
173 -7.10470 -9.57098 10 -1 451 480
66 0.83475 6.17414 10 1 0 600
174 4.16824 -3.45531 10 -1 441 462
67 8.69610 -0.66633 10 1 0 600
175 -1.71945 8.10766 10 -1 250 277
68 4.72376 -1.09178 10 1 0 600
176 -8.54214 1.43858 10 -1 361 392
69 6.00759 -6.60924 10 1 0 600
177 -0.51828 -4.55160 10 -1 308 345
70 -1.95426 5.63933 10 1 0 600
178 3.82004 -3.67663 10 -1 539 584
71 -6.74584 4.00295 10 1 0 600
179 -7.71873 9.93416 10 -1 330 363
72 -1.07048 3.54042 10 1 0 600
180 -0.22877 -0.19574 10 -1 251 286
73 1.21390 -3.13446 10 1 0 600
181 -0.01817 2.37499 10 -1 506 550
74 5.55015 6.55798 10 1 0 600
182 8.20175 3.81402 10 -1 445 485
75 -1.86956 3.28864 10 1 0 600
183 -1.52496 0.17773 10 -1 362 395
76 -0.49351 4.48861 10 1 0 600
184 -4.47192 9.18639 10 -1 246 268
77 6.21989 -6.89707 10 1 0 600
185 3.59448 -2.72691 10 -1 319 354
78 -1.34693 9.90032 10 1 0 600
186 6.94694 -7.39748 10 -1 373 397
79 4.79196 4.20207 10 1 0 600
187 -1.37022 -2.18554 10 -1 314 343
80 8.83026 -3.94558 10 1 0 600
188 6.23505 3.51133 10 -1 240 276
81 5.81654 -0.66810 10 1 0 600
189 -5.84559 9.67268 10 -1 438 475
82 3.84975 -4.13054 10 1 0 600
190 -0.90341 6.27091 10 -1 537 582
83 -5.72171 -6.68923 10 1 0 600
191 4.72673 -8.59933 10 -1 466 507
84 -1.88664 3.39775 10 1 0 600
192 6.40203 -5.85269 10 -1 532 576
85 -1.49810 4.93636 10 1 0 600
193 -6.27912 9.59036 10 -1 467 498
86 7.99144 2.73724 10 1 0 600
194 -0.83211 -1.88475 10 -1 464 495
87 -8.84893 -5.67415 10 1 0 600
195 -6.15116 3.44554 10 -1 252 285
88 6.62435 8.06895 10 1 0 600
196 2.07156 4.92305 10 -1 384 428
89 -5.11605 8.42331 10 1 0 600
197 3.34335 -7.39191 10 -1 384 414
90 -8.55748 -3.01399 10 1 0 600
198 8.89943 -8.59610 10 -1 436 471
91 6.40170 6.18112 10 1 0 600
199 5.56100 -6.50220 10 -1 285 318
92 7.00755 -6.19454 10 1 0 600
200 1.23839 3.07943 10 -1 521 541
93 9.26044 2.76238 10 1 0 600
201 -7.15092 4.69340 10 -1 493 522
94 -4.35060 1.77416 10 1 0 600
202 -2.85311 1.08522 10 -1 498 522
95 6.42380 6.51199 10 1 0 600
203 7.63892 8.21566 10 -1 190 220
96 -7.18593 7.25865 10 1 0 600
204 2.16397 9.42214 10 -1 503 543
97 -6.92362 -8.16837 10 1 0 600
205 -2.47627 7.05035 10 -1 366 411
98 -8.05476 3.93879 10 1 0 600
206 -2.36025 9.49057 10 -1 510 546
99 -5.28641 7.37144 10 1 0 600
207 -1.62486 7.82754 10 -1 485 508
100 -2.43717 -4.03124 10 1 0 600
208 -8.39886 -9.66932 10 -1 417 460
101 3.36786 -7.50148 10 1 0 600
209 7.08094 3.76052 10 -1 330 374
102 8.67690 -6.76360 10 1 0 600
210 6.14313 -0.24348 10 -1 342 373
103 5.19064 -2.55480 10 1 0 600
211 4.93311 3.80070 10 -1 252 293
104 9.54778 -4.89127 10 1 0 600
212 -9.78664 5.16087 10 -1 418 433
105 -7.36414 -3.64713 10 1 0 600
213 -9.64431 -3.14918 10 -1 238 279
106 3.57092 6.86257 10 1 0 600
214 2.29026 6.98541 10 -1 468 486
107 -7.73028 -3.55426 10 1 0 600
215 3.26783 6.60257 10 -1 487 508
108 -3.84201 -2.61467 10 1 0 600
216 0.13685 6.60685 10 -1 535 565
217 3.16547 5.49235 0 0 59 571
227 4.77760 -2.95582 0 0 59 571
218 1.35962 0.14591 0 0 32 547
228 -3.05174 7.25962 0 0 32 547
219 1.80883 2.97746 0 0 50 563
229 -0.97918 0.09577 0 0 50 563
220 6.33755 -5.93213 0 0 30 556
230 0.11105 -0.15517 0 0 30 556
221 -3.94372 -4.43799 0 0 1 578
231 5.32946 -4.99981 0 0 1 578
222 3.98623 5.26028 0 0 49 579
232 -1.95877 -0.70751 0 0 49 579
223 6.61608 0.18540 0 0 39 585
233 0.23769 3.15346 0 0 39 585
224 -5.52078 3.49074 0 0 30 597
234 5.55987 -4.05221 0 0 30 597
225 0.36346 0.21961 0 0 51 572
235 2.25547 -7.19000 0 0 51 572
226 7.31282 -6.01908 0 0 55 572
236 -7.04077 4.48186 0 0 55 572
