10 108 90

# VEHICLES: id start_node end_node capacity max_time
1 217 227 3 521
2 218 228 6 549
3 219 229 8 566
4 220 230 8 588
5 221 231 3 438
6 222 232 8 420
7 223 233 6 519
8 224 234 6 464
9 225 235 3 420
10 226 236 8 529

# NODES: id x y service_time demand tw_start tw_end
1 3.17721 -2.80113 10 1 202 278
109 -4.32555 -9.25996 10 -1 0 600
2 5.50791 -9.37820 10 1 187 236
110 -4.22902 -3.11854 10 -1 0 600
3 -4.22850 6.31803 10 1 363 400
111 1.45050 6.53007 10 -1 0 600
4 -9.36386 0.71347 10 1 302 362
112 0.17215 0.70439 10 -1 0 600
5 6.27445 3.31826 10 1 246 311
113 -5.64929 -2.49969 10 -1 0 600
6 -5.36306 3.59958 10 1 222 295
114 -2.79398 -8.53354 10 -1 0 600
7 -6.39290 -6.57691 10 1 369 458
115 -0.31517 5.82073 10 -1 0 600
8 -4.85997 -3.62281 10 1 143 218
116 4.10142 5.08253 10 -1 0 600
9 -9.60991 8.73003 10 1 316 395
117 9.69351 -5.05435 10 -1 0 600
10 7.16923 -6.56912 10 1 302 342
118 7.73249 -1.77520 10 -1 0 600
11 4.55588 -8.92343 10 1 218 287
119 2.67419 -8.47134 10 -1 0 600
12 -1.08217 -7.55309 10 1 362 443
120 1.43006 6.50823 10 -1 0 600
13 3.68369 -9.36267 10 1 233 266
121 2.66615 -5.27313 10 -1 0 600
14 7.68076 7.29094 10 1 279 311
122 -5.65137 -0.64119 10 -1 0 600
15 3.65354 0.47786 10 1 167 250
123 0.10817 -5.05072 10 -1 0 600
16 -9.39058 -5.95472 10 1 91 140
124 5.13928 8.46231 10 -1 0 600
17 -3.28063 9.32250 10 1 189 249
125 -0.19839 6.14699 10 -1 0 600
18 -2.24482 5.39506 10 1 172 260
126 2.36532 5.20907 10 -1 0 600
19 8.35189 0.30870 10 1 182 272
127 -9.84739 -0.08054 10 -1 0 600
20 0.01617 8.26353 10 1 137 201
128 3.39379 6.14455 10 -1 0 600
21 9.49638 8.96404 10 1 121 152
129 -7.21405 -3.87683 10 -1 0 600
22 -2.49656 -6.63550 10 1 392 453
130 8.84610 -7.42757 10 -1 0 600
23 -0.85572 1.64641 10 1 296 328
131 9.00717 -5.16663 10 -1 0 600
24 -6.07929 1.44492 10 1 285 375
132 3.16226 3.93485 10 -1 0 600
25 -2.70472 -8.09054 10 1 231 294
133 1.90967 -3.33766 10 -1 0 600
26 2.91136 3.30857 10 1 93 129
134 -6.45750 -9.11533 10 -1 0 600
27 -6.61471 1.97630 10 1 346 393
135 3.61819 1.75380 10 -1 0 600
28 -8.03640 -6.99736 10 1 126 214
136 6.76731 -4.40568 10 -1 0 600
29 7.42482 2.98638 10 1 111 177
137 -7.04900 -4.27568 10 -1 0 600
30 -8.34690 9.47474 10 1 194 273
138 -8.84758 3.35834 10 -1 0 600
31 -5.55185 4.54505 10 1 235 293
139 2.89700 -9.73676 10 -1 0 600
32 -3.02612 1.76977 10 1 152 209
140 0.51167 4.87189 10 -1 0 600
33 9.68510 -1.92489 10 1 141 177
141 -5.93201 -8.10125 10 -1 0 600
34 -9.77172 7.75179 10 1 186 268
142 -5.49534 -0.43790 10 -1 0 600
35 -5.30696 -5.54413 10 1 323 389
143 8.17227 -3.70455 10 -1 0 600
36 -7.90928 -0.95467 10 1 116 179
144 -1.72363 1.56667 10 -1 0 600
37 -3.43934 -5.46850 10 1 171 220
145 5.98359 -9.24222 10 -1 0 600
38 4.51220 -8.71449 10 1 237 303
146 2.13953 9.76570 10 -1 0 600
39 -2.05341 0.78906 10 1 311 389
147 -9.28722 -8.99497 10 -1 0 600
40 -1.00986 -2.14168 10 1 318 351
148 0.27819 2.58924 10 -1 0 600
41 1.42984 -0.60312 10 1 130 211
149 -1.61410 -8.18497 10 -1 0 600
42 -9.26753 0.53168 10 1 114 194
150 -1.38725 -5.14401 10 -1 0 600
43 9.03955 7.07897 10 1 244 311
151 5.82463 -2.66320 10 -1 0 600
44 0.92880 -7.00131 10 1 243 285
152 -6.85472 9.97379 10 -1 0 600
45 4.90823 -3.58098 10 1 209 274
153 6.94558 -2.80241 10 -1 0 600
46 5.90024 -5.55840 10 1 255 287
154 6.19739 2.30408 10 -1 0 600
47 -4.30302 7.66855 10 1 368 444
155 -6.76510 4.62923 10 -1 0 600
48 2.62665 -3.93653 10 1 177 248
156 5.42802 -5.47407 10 -1 0 600
49 4.84001 -1.94968 10 1 151 189
157 2.03393 4.46147 10 -1 0 600
50 2.38051 3.42672 10 1 299 380
158 3.67897 -3.92174 10 -1 0 600
51 6.89337 -9.65931 10 1 213 245
159 7.39741 -6.40596 10 -1 0 600
52 -0.41655 6.61379 10 1 250 312
160 -6.92473 -2.90966 10 -1 0 600
53 2.89944 6.16720 10 1 414 485
161 -8.35540 2.48474 10 -1 0 600
54 -3.70834 -3.01801 10 1 228 306
162 -1.34718 -4.11265 10 -1 0 600
55 8.39642 -5.90532 10 1 0 600
163 -5.38875 -2.46357 10 -1 251 295
56 -0.56820 -9.19948 10 1 0 600
164 -2.08167 -3.04504 10 -1 258 329
57 -0.68960 -1.59046 10 1 0 600
165 -3.45957 5.36355 10 -1 216 269
58 2.91106 8.63704 10 1 0 600
166 4.48115 -9.84277 10 -1 406 436
59 3.77177 -2.13343 10 1 0 600
167 -1.69160 -7.60140 10 -1 414 492
60 8.40104 7.23871 10 1 0 600
168 3.65670 7.62838 10 -1 365 453
61 -6.39681 -0.94269 10 1 0 600
169 9.79059 8.64536 10 -1 396 442
62 -3.00495 4.46250 10 1 0 600
170 9.82835 2.43007 10 -1 244 300
63 -1.00225 -5.67802 10 1 0 600
171 9.29232 -1.64263 10 -1 318 399
64 0.38733 8.86912 10 1 0 600
172 5.95427 0.96729 10 -1 338 408
65 -0.96472 -0.14311 10 1 0 600
173 -3.28282 3.89812 10 -1 432 493
66 -2.29073 -1.02105 10 1 0 600
174 -8.46179 -2.57430 10 -1 250 285
67 -6.84808 0.24311 10 1 0 600
175 7.06699 -6.09607 10 -1 337 420
68 4.99938 9.14013 10 1 0 600
176 -8.65013 -8.94098 10 -1 267 308
69 -2.91319 -2.10240 10 1 0 600
177 -2.65612 4.73248 10 -1 532 594
70 -2.50668 -6.27954 10 1 0 600
178 7.88147 -9.52674 10 -1 337 427
71 -5.10242 7.65441 10 1 0 600
179 -4.83967 -6.06164 10 -1 526 605
72 -6.88701 1.76101 10 1 0 600
180 -0.84603 5.69152 10 -1 269 332
73 0.58500 9.32994 10 1 0 600
181 -3.06343 -9.34976 10 -1 365 413
74 3.61236 7.10846 10 1 0 600
182 -0.85124 -1.23867 10 -1 227 288
75 1.21316 9.01381 10 1 0 600
183 9.90044 8.50288 10 -1 252 287
76 -9.63565 0.32787 10 1 0 600
184 -5.11631 6.37987 10 -1 245 298
77 -3.02878 9.37753 10 1 0 600
185 -1.86543 -2.12011 10 -1 302 364
78 -3.87322 -7.92349 10 1 0 600
186 6.98343 -9.55497 10 -1 422 456
79 -6.24532 -8.49374 10 1 0 600
187 -2.66848 -7.08336 10 -1 442 472
80 -6.52650 0.68281 10 1 0 600
188 6.73024 -1.22833 10 -1 419 499
81 5.94217 2.80047 10 1 0 600
189 -0.59438 3.72823 10 -1 465 554
82 -6.27093 -5.05958 10 1 0 600
190 4.02054 2.91858 10 -1 479 533
83 -9.60340 9.75032 10 1 0 600
191 -0.94582 5.43531 10 -1 482 517
84 -1.59759 -9.35053 10 1 0 600
192 5.23147 4.85980 10 -1 380 446
85 6.87277 8.44176 10 1 0 600
193 8.28235 4.53151 10 -1 523 607
86 0.91012 -5.71510 10 1 0 600
194 7.82985 9.08892 10 -1 263 320
87 6.64140 3.09689 10 1 0 600
195 9.68444 5.57231 10 -1 262 332
88 -0.89818 -8.23185 10 1 0 600
196 -1.38787 -8.51633 10 -1 491 578
89 3.58773 3.94456 10 1 0 600
197 9.49213 0.71045 10 -1 404 437
90 8.66508 -9.67849 10 1 0 600
198 8.57330 0.08324 10 -1 319 393
91 -3.39500 -6.43662 10 1 0 600
199 -7.10622 -9.53859 10 -1 494 524
92 -5.94703 3.54770 10 1 0 600
200 -6.45933 -3.95299 10 -1 450 502
93 6.82981 1.18054 10 1 0 600
201 -2.30434 -2.97365 10 -1 199 282
94 8.83550 -2.52005 10 1 0 600
202 -4.25551 3.89628 10 -1 313 371
95 -0.23443 -8.96220 10 1 0 600
203 -2.36537 -4.12736 10 -1 305 395
96 1.26159 8.68564 10 1 0 600
204 8.86422 -6.74783 10 -1 539 578
97 -6.22795 8.73022 10 1 0 600
205 7.06753 5.57253 10 -1 262 321
98 -5.38759 0.36202 10 1 0 600
206 -6.80581 8.83965 10 -1 283 363
99 6.96918 -1.59348 10 1 0 600
207 -7.58178 4.85521 10 -1 227 288
100 9.68699 -5.08358 10 1 0 600
208 -7.75412 0.37383 10 -1 329 395
101 2.64571 7.91998 10 1 0 600
209 8.14855 -3.81018 10 -1 330 415
102 -2.28926 -1.57407 10 1 0 600
210 -5.96132 -4.18824 10 -1 413 481
103 -7.80101 8.10103 10 1 0 600
211 -2.23604 3.16868 10 -1 369 429
104 -5.35102 6.10669 10 1 0 600
212 7.63580 -6.76037 10 -1 339 411
105 5.68013 -6.27066 10 1 0 600
213 1.64315 -7.33401 10 -1 503 588
106 4.88687 -7.47472 10 1 0 600
214 -0.18273 -9.51963 10 -1 230 315
107 -7.16687 0.89343 10 1 0 600
215 0.73737 -0.29949 10 -1 260 304
108 -2.94713 7.98963 10 1 0 600
216 4.57767 -5.52147 10 -1 186 272
217 6.93509 4.93334 0 0 21 570
227 -7.29725 -4.94051 0 0 21 570
218 -4.89134 2.59610 0 0 38 556
228 -0.75287 -4.73605 0 0 38 556
219 6.59155 4.85921 0 0 34 572
229 -6.27524 -2.18008 0 0 34 572
220 -2.33159 -2.97101 0 0 44 545
230 -5.65370 3.53184 0 0 44 545
221 1.76012 4.21670 0 0 8 556
231 2.25611 -2.20799 0 0 8 556
222 -4.61405 5.14055 0 0 20 589
232 -5.83452 -6.71756 0 0 20 589
223 -1.13026 6.83377 0 0 18 566
233 -4.94622 -7.18189 0 0 18 566
224 1.09419 -1.87202 0 0 24 595
234 -6.80513 -7.18433 0 0 24 595
225 2.93658 3.70098 0 0 35 550
235 3.38251 4.87347 0 0 35 550
226 4.43610 1.73950 0 0 59 598
236 6.14891 -4.73187 0 0 59 598
